1353 0 0.53125 -2.74611 0.191309 493.534 372.473 
1425 0 0.957031 0.310165 0.3265 508.501 635.687 
1503 0 0.644531 0.693562 0.302362 233.687 317.704 
1675 0 0.65625 3.65346 -1.02341 233.226 638.039 
1818 0 0.542969 0.257462 0.3265 422.095 635.687 
2149 0 0.707031 4.90302 0.604725 419.437 635.409 
2431 0 0.644531 7.1364 0.233141 628.877 453.92 
3156 0 0.867188 0.387707 0.225999 635.626 440.015 
3501 0 0.585938 3.09221 0.312216 597.632 607.876 
3553 0 0.542969 4.76132 0.3265 419.579 635.687 
3661 0 0.628906 0.232624 0.3265 381.376 635.687 
3845 0 0.574219 4.18149 0.255078 368.483 496.631 
4134 0 0.628906 4.73902 0.3265 417.614 635.687 
4395 0 0.617188 1.8495 0.401575 623.166 421.951 
4765 0 0.71875 23.8567 0.578268 605.366 607.61 
5503 0 0.929688 0.698939 0.465493 496.187 330.46 
5600 0 0.515625 4.02538 0.3265 354.726 635.687 
6460 0 0.515625 4.72135 0.387707 419.619 635.626 
6614 0 0.617188 28.4921 0.255078 389.189 496.631 
6818 0 0.628906 3.52327 -0.383104 418.196 424.723 
7574 0 0.53125 2.42526 0.3265 468.731 635.687 
7888 0 0.671875 0.387707 0.32548 635.626 633.701 
8532 0 0.542969 4.75017 0.3265 418.596 635.687 
8629 0 0.707031 19.4489 0.604725 627.563 635.409 
9378 0 0.542969 4.77035 0.838727 392.738 595.424 
10977 0 0.695312 62.6643 0.255078 369.455 496.631 
10995 0 0.617188 0.29078 0.3265 476.719 635.687 
11051 0 0.601562 0.273444 0.387707 532.388 635.626 
13004 0 0.601562 0.302896 0.191309 496.583 372.473 
13201 0 0.585938 1.8495 0.403465 623.166 423.937 
13348 0 0.574219 0.258673 0.3265 424.082 635.687 
13597 0 0.644531 0.257462 0.3265 422.095 635.687 
13774 0 0.777344 0.453544 0.604725 476.557 635.409 
14007 0 0.707031 0.40252 0.604725 422.944 635.409 
14831 0 0.671875 0.387707 0.244875 635.626 476.765 
15079 0 0.71875 4.86857 0.604725 416.49 635.409 
15254 0 0.671875 4.76132 0.3265 419.579 635.687 
15497 0 0.515625 5.3523 0.3265 471.658 635.687 
15751 0 0.847656 0.403465 0.604725 423.937 635.409 
16439 0 0.53125 2.42526 0.3265 468.731 635.687 
16598 0 0.542969 7.63256 0.668186 628.381 474.355 
17379 0 0.65625 1.64543 0.668186 622.394 474.355 
17899 0 0.515625 7.1364 0.244875 628.877 476.765 
18833 0 0.601562 0.258067 0.3265 423.089 635.687 
19221 0 0.515625 5.33 0.3265 469.693 635.687 
19402 0 0.515625 5.3523 0.3265 471.658 635.687 
19742 0 0.617188 4.17033 0.255078 367.5 496.631 
19924 0 0.8125 0.698939 0.640228 496.187 454.507 
20107 0 0.53125 5.57531 0.169882 491.31 330.756 
20247 0 0.542969 0.276847 0.3265 453.877 635.687 
20992 0 0.53125 3.71316 0.255078 327.213 496.631 
21604 0 0.515625 3.23368 0.2612 624.974 508.55 
22479 0 0.574219 9.30093 0.3265 584.552 635.687 
22623 0 0.65625 5.3523 0.3265 471.658 635.687 
22892 0 0.585938 0.202334 0.255078 331.717 496.631 
23023 0 0.742188 0.370745 0.312216 607.817 607.876 
23126 0 0.542969 4.77247 0.3265 420.562 635.687 
23666 0 0.695312 0.387707 0.244875 635.626 476.765 
24567 0 0.558594 7.1364 0.244875 628.877 476.765 
24610 0 0.671875 0.244875 0.387707 476.765 635.626 
25096 0 0.515625 0.698939 0.524204 496.187 372.14 
25181 0 0.695312 1.23396 0.604725 415.768 635.409 
25228 0 0.875 0.264125 0.3265 433.02 635.687 
26465 0 0.617188 4.30593 0.472441 368.358 496.413 
26926 0 0.671875 0.387707 0.215796 635.626 420.149 
27186 0 0.601562 4.77247 0.3265 420.562 635.687 
27932 0 0.742188 12.208 0.146925 304.112 286.059 
28285 0 0.515625 0.594098 0.894642 421.759 635.119 
28452 0 0.617188 3.23368 0.244875 624.974 476.765 
28809 0 0.707031 5.57531 0.254058 491.31 494.644 
29397 0 0.53125 0.272001 0.3265 445.931 635.687 
29675 0 0.601562 7.63256 0.668186 628.381 474.355 
31620 0 0.574219 0.3265 0.29078 635.687 476.719 
31735 0 0.585938 0.29078 0.3265 476.719 635.687 
32285 0 0.515625 0.25625 0.3265 420.109 635.687 
32811 0 0.601562 58.6668 0.524204 484.993 372.14 
32817 0 0.585938 7.1364 0.244875 628.877 476.765 
34071 0 0.777344 0.595496 0.894642 422.751 635.119 
34257 0 0.542969 17.2932 0.255078 304.856 496.631 
35197 0 0.824219 0.387707 0.218857 635.626 426.109 
35279 0 0.53125 2.33937 0.3265 452.13 635.687 
36494 0 0.671875 17.2582 0.3265 429.918 635.687 
37740 0 0.71875 0.670981 0.894642 476.339 635.119 
37777 0 0.65625 0.139332 0.179575 228.428 349.628 
38070 0 0.71875 0.524204 0.698939 372.14 496.187 
38576 0 0.617188 17.6444 0.223448 626.175 435.048 
38678 0 0.515625 0.604725 0.453544 635.409 476.557 
39951 0 0.574219 5.1097 0.604725 437.119 635.409 
40083 0 0.515625 3.71316 0.255078 327.213 496.631 
40757 0 0.601562 0.894642 0.594098 635.119 421.759 
41872 0 0.585938 0.258067 0.3265 423.089 635.687 
42528 0 0.574219 0.252527 0.387707 491.664 635.626 
42889 0 0.671875 0.302896 0.191309 496.583 372.473 
43435 0 0.574219 0.387707 0.32548 635.626 633.701 
43581 0 0.574219 4.76132 0.3265 419.579 635.687 
43737 0 0.695312 0.894642 0.670981 635.119 476.339 
44652 0 0.882812 0.258673 0.3265 424.082 635.687 
45596 0 0.671875 49.4202 0.385512 619.589 405.073 
46048 0 0.558594 0.453544 0.604725 476.557 635.409 
46463 0 0.644531 0.242317 0.255078 397.266 496.631 
47121 0 0.65625 5.51159 0.604725 471.499 635.409 
47801 0 0.804688 179.108 -6.28258 600.751 614.471 
47828 0 0.574219 1.54923 0.3265 291.2 635.687 
48555 0 0.71875 80.9703 0.604725 453.054 635.409 
49759 0 0.53125 1.17494 0.894642 444.428 635.119 
50679 0 0.617188 6.56446 0.3265 412.568 635.687 
50828 0 0.601562 5.51159 0.604725 471.499 635.409 
51314 0 0.542969 0.453544 0.604725 476.557 635.409 
51598 0 0.558594 0.894642 0.503236 635.119 357.254 
51610 0 0.628906 255.731 -3.58959 423.22 639.603 
51738 0 0.777344 0.354331 0.472441 372.31 496.413 
51976 0 0.515625 0.259279 0.3265 425.075 635.687 
52413 0 0.574219 4.18149 0.255078 368.483 496.631 
52591 0 0.644531 0.387707 0.183146 635.626 356.581 
53505 0 0.542969 3.23368 0.218347 624.974 425.116 
53909 0 0.707031 0.387707 0.244875 635.626 476.765 
54164 0 0.601562 18.6893 0.3265 416.066 635.687 
54592 0 0.515625 4.66096 0.3265 410.735 635.687 
55299 0 0.574219 0.59969 0.894642 425.728 635.119 
55528 0 0.515625 2.42526 0.3265 468.731 635.687 
56344 0 0.824219 0.453544 0.604725 476.557 635.409 
56350 0 0.65625 0.578268 0.578268 607.61 607.61 
57150 0 0.574219 0.193853 0.122437 317.813 238.383 
57232 0 0.644531 6.82418 0.312216 601.364 607.876 
57238 0 0.574219 0.255078 0.227172 496.631 372.437 
58029 0 0.601562 0.243855 0.387707 474.779 635.626 
58350 0 0.617188 0.244875 0.387707 476.765 635.626 
58393 0 0.601562 29.4149 0.3265 394.285 635.687 
58655 0 0.785156 71.9754 0.401575 630.03 421.951 
59598 0 0.515625 5.3523 0.3265 471.658 635.687 
60052 0 0.601562 0.217837 0.387707 424.123 635.626 
60363 0 0.617188 5.3523 0.3265 471.658 635.687 
60855 0 0.785156 22.33 0.255078 393.65 496.631 
61268 0 0.832031 0.256856 0.3265 421.102 635.687 
61471 0 0.515625 0.453544 0.604725 476.557 635.409 
62025 0 0.601562 3.23368 0.244875 624.974 476.765 
62554 0 0.574219 0.218347 0.387707 425.116 635.626 
63965 0 0.742188 0.217837 0.387707 424.123 635.626 
64499 0 0.847656 0.670981 0.894642 476.339 635.119 
64868 0 0.53125 4.18149 0.255078 368.483 496.631 
64898 0 0.65625 0.258673 0.3265 424.082 635.687 
65074 0 0.515625 0.3265 0.256856 635.687 421.102 
66635 0 0.753906 5.3523 0.3265 471.658 635.687 
66817 0 0.628906 0.370745 0.312216 607.817 607.876 
66886 0 0.601562 2.15747 0.3265 416.975 635.687 
67315 0 0.53125 0.258673 0.3265 424.082 635.687 
67406 0 0.574219 0.354331 0.472441 372.31 496.413 
70739 0 0.542969 2.42526 0.3265 468.731 635.687 
71451 0 0.777344 4.67083 0.677518 527.034 379.937 
71756 0 0.796875 5.70912 0.3265 503.102 635.687 
71877 0 0.617188 7.1364 0.218347 628.877 425.116 
71938 0 0.765625 -2.63626 0.3265 473.792 635.687 
72813 0 0.847656 0.29078 0.3265 476.719 635.687 
73118 0 0.574219 0.855501 0.855501 607.333 607.333 
73153 0 0.730469 0.387707 0.217837 635.626 424.123 
74058 0 0.671875 0.258673 0.3265 424.082 635.687 
74092 0 0.515625 0.302896 0.169372 496.583 329.763 
74200 0 0.574219 2.42526 0.3265 468.731 635.687 
74646 0 0.671875 0.894642 0.670981 635.119 476.339 
76625 0 0.601562 0.453544 0.604725 476.557 635.409 
76731 0 0.644531 4.66189 0.604725 398.809 635.409 
78170 0 0.574219 7.1364 0.3265 628.877 635.687 
78404 0 0.644531 0.212027 0.255078 347.608 496.631 
78420 0 0.515625 5.3523 0.3265 471.658 635.687 
78426 0 0.542969 0.202334 0.255078 331.717 496.631 
78565 0 0.617188 0.471496 0.604725 495.42 635.409 
78959 0 0.671875 0.894642 0.536785 635.119 381.071 
79014 0 0.644531 0.636034 0.406782 451.53 288.781 
79031 0 0.644531 4.76132 0.3265 419.579 635.687 
79188 0 0.542969 7.1364 0.244875 628.877 476.765 
79408 0 0.558594 12.976 0.604725 418.702 635.409 
80666 0 0.832031 31.9148 0.3265 627.515 635.687 
81988 0 0.847656 0.258673 0.3265 424.082 635.687 
82688 0 0.558594 4.77247 0.3265 420.562 635.687 
82765 0 0.804688 0.604725 0.40252 635.409 422.944 
82807 0 0.542969 6.70153 0.3265 590.555 635.687 
83531 0 0.644531 0.259843 0.472441 273.027 496.413 
84362 0 0.542969 4.68478 1.13214 413.652 634.882 
84431 0 0.644531 67.2566 0.184166 537.535 358.567 
84477 0 0.644531 53.2724 0.3265 417.937 635.687 
84674 0 0.53125 -3.51501 0.244875 631.723 476.765 
85329 0 0.796875 82.0423 0.604725 441.323 635.409 
85682 0 0.542969 -2.34517 0.3265 421.478 635.687 
87244 0 0.617188 0.302896 0.191309 496.583 372.473 
88848 0 0.683594 35.8176 0.3265 631.418 635.687 
88970 0 0.601562 -0.186116 0.169882 436.092 330.756 
89670 0 0.601562 2.15747 0.3265 416.975 635.687 
89880 0 0.542969 21.9314 0.255078 277.881 496.631 
90284 0 0.695312 27.2774 3.24362 242.937 632.77 
90631 0 0.542969 0.367559 0.604725 386.21 635.409 
91495 0 0.617188 22.2905 0.3265 438.28 635.687 
91500 0 0.574219 0.453544 0.604725 476.557 635.409 
91619 0 0.558594 0.894642 0.596894 635.119 423.743 
92177 0 0.542969 17.6444 0.319358 626.175 621.781 
92839 0 0.515625 2.61221 0.3265 504.862 635.687 
93353 0 0.617188 5.3523 0.3265 471.658 635.687 
94336 0 0.917969 19.3767 0.472441 331.853 496.413 
95707 0 0.574219 4.01423 0.3265 353.743 635.687 
95786 0 0.8125 1.68758 0.255078 326.159 496.631 
96960 0 0.617188 0.451654 0.604725 474.571 635.409 
97022 0 0.542969 2.16252 0.3265 417.952 635.687 
97230 0 0.574219 0.29078 0.3265 476.719 635.687 
97679 0 0.601562 2.21327 0.604725 458.299 635.409 
97924 0 0.695312 103.699 0.306094 391.378 595.957 
98261 0 0.574219 36.785 -0.287104 214.032 318.294 
98633 0 0.617188 1.64543 0.598292 622.394 424.736 
99810 0 0.617188 0.464095 0.698939 329.468 496.187 
102411 0 0.671875 27.043 0.3265 407.713 635.687 
102644 0 0.765625 0.302896 0.191309 496.583 372.473 
102820 0 0.53125 11.0391 0.217837 632.78 424.123 
103585 0 0.53125 3.23368 0.216816 624.974 422.136 
104603 0 0.617188 0.259279 0.3265 425.075 635.687 
104803 0 0.644531 15.7925 0.524204 490.448 372.14 
105264 0 0.832031 0.403465 0.604725 423.937 635.409 
105335 0 0.941406 0.578268 0.578268 607.61 607.61 
106235 0 0.53125 0.670981 0.894642 476.339 635.119 
106266 0 0.574219 5.3523 0.3265 471.658 635.687 
107339 0 0.558594 2.00711 0.122437 176.872 238.383 
108026 0 0.683594 0.259279 0.3265 425.075 635.687 
108440 0 0.777344 21.6422 0.3265 425.534 635.687 
109798 0 0.515625 1.68252 0.255078 325.182 496.631 
109916 0 0.601562 5.3523 0.3265 471.658 635.687 
109976 0 0.695312 0.244875 0.387707 476.765 635.626 
110282 0 0.824219 0.394961 0.604725 415.001 635.409 
110359 0 0.824219 0.40441 0.604725 424.93 635.409 
110884 0 0.765625 21.5472 0.3265 630.077 635.687 
111086 0 0.617188 3.74661 0.255078 330.161 496.631 
112298 0 0.617188 2.21327 0.604725 458.299 635.409 
112626 0 0.574219 -3.51501 0.215796 631.723 420.149 
112997 0 0.542969 7.1364 0.244875 628.877 476.765 
113051 0 0.695312 0.670981 0.894642 476.339 635.119 
113720 0 0.542969 4.75017 0.3265 418.596 635.687 
115885 0 0.515625 0.191309 0.302896 372.473 496.583 
116068 0 0.617188 0.524204 0.698939 372.14 496.187 
116362 0 0.683594 44.0332 0.312216 601.475 607.876 
116479 0 0.542969 3.23368 0.209674 624.974 408.23 
116825 0 0.515625 0.183656 0.387707 357.574 635.626 
117425 0 0.515625 4.75017 0.3265 418.596 635.687 
117645 0 0.515625 0.453544 0.604725 476.557 635.409 
117744 0 0.515625 0.387707 0.183146 635.626 356.581 
117908 0 0.601562 0.193853 0.255078 317.813 496.631 
118367 0 0.53125 0.258673 0.3265 424.082 635.687 
119828 0 0.542969 1.89473 0.255078 366.196 496.631 
121506 0 0.628906 30.5186 0.312216 600.061 607.876 
122046 0 0.601562 -3.51501 0.217837 631.723 424.123 
122217 0 0.730469 0.387707 0.216816 635.626 422.136 
122745 0 0.765625 259.019 -0.430655 631.47 477.441 
123321 0 0.644531 7.02728 0.578268 601.161 607.61 
123480 0 0.585938 0.29078 0.3265 476.719 635.687 
125062 0 0.644531 7.1364 0.217837 628.877 424.123 
125129 0 0.628906 3.82366 0.472441 327.102 496.413 
125472 0 0.683594 13.7417 0.217837 622.272 424.123 
126107 0 0.617188 0.29078 0.3265 476.719 635.687 
126110 0 0.574219 0.335491 0.447321 238.17 317.56 
126216 0 0.542969 0.218347 0.387707 425.116 635.626 
127494 0 0.542969 0.962317 0.472441 324.241 496.413 
127987 0 0.515625 4.75017 0.3265 418.596 635.687 
128598 0 0.617188 0.387707 0.244875 635.626 476.765 
128699 0 0.515625 5.57531 0.179065 491.31 348.635 
129492 0 0.515625 0.244875 0.387707 476.765 635.626 
129812 0 0.90625 0.40252 0.604725 422.944 635.409 
130386 0 0.558594 35.9749 0.191309 491.401 372.473 
130465 0 0.542969 13.052 -0.574207 421.239 636.588 
131273 0 0.601562 7.1364 0.244875 628.877 476.765 
132375 0 0.515625 5.3523 0.3265 471.658 635.687 
132587 0 0.753906 0.257462 0.3265 422.095 635.687 
133343 0 0.644531 0.670981 0.412374 476.339 292.75 
134882 0 0.574219 35.7616 0.3265 630.431 635.687 
134886 0 0.695312 0.29078 0.3265 476.719 635.687 
135561 0 0.601562 5.3523 0.3265 471.658 635.687 
135890 0 0.695312 0.387707 0.218347 635.626 425.116 
136334 0 0.515625 0.670981 0.894642 476.339 635.119 
136772 0 0.585938 16.3914 0.472441 327.008 496.413 
137106 0 0.863281 0.258673 0.3265 424.082 635.687 
137727 0 0.875 -1.04847 0.3265 340.299 635.687 
138115 0 0.601562 0.586772 0.423307 616.545 444.786 
138241 0 0.542969 0.604725 0.453544 635.409 476.557 
138492 0 0.542969 20.2144 0.596894 627.773 423.743 
138856 0 0.515625 5.3523 0.3265 471.658 635.687 
138954 0 0.730469 6.82418 0.312216 601.364 607.876 
140640 0 0.574219 0.40252 0.604725 422.944 635.409 
140929 0 0.695312 0.378898 0.604725 398.123 635.409 
140987 0 0.515625 7.1364 0.216816 628.877 422.136 
141597 0 0.574219 0.258673 0.3265 424.082 635.687 
142472 0 0.574219 5.3523 0.3265 471.658 635.687 
142585 0 0.585938 1.44492 0.354331 486.848 372.31 
142790 0 0.601562 0.227172 0.255078 372.437 496.631 
144984 0 0.695312 0.387707 0.217327 635.626 423.129 
145591 0 0.785156 113.936 0.3265 474.302 635.687 
145620 0 0.515625 21.742 0.3265 427.495 635.687 
146358 0 0.542969 49.9506 0.197941 632.896 385.385 
147498 0 0.777344 1.51428 0.604725 510.217 635.409 
147729 0 0.542969 4.18149 0.255078 368.483 496.631 
148620 0 0.65625 110.934 0.884488 368.688 496.001 
148662 0 0.671875 0.29078 0.3265 476.719 635.687 
149770 0 0.804688 0.0878398 0.102031 144.009 198.652 
151657 0 0.515625 7.34879 0.36378 628.665 382.238 
151962 0 0.585938 5.34115 0.3265 470.675 635.687 
152214 0 0.542969 0.604725 0.453544 635.409 476.557 
154339 0 0.542969 4.76132 0.3265 419.579 635.687 
154718 0 0.515625 2.52631 0.191309 488.261 372.473 
155051 0 0.777344 62.5526 0.604725 472.2 635.409 
155154 0 0.730469 0.302896 0.191309 496.583 372.473 
155291 0 0.617188 2.15747 0.3265 416.975 635.687 
155451 0 0.558594 0.29078 0.3265 476.719 635.687 
156071 0 0.515625 4.65086 0.3265 372.84 635.687 
157124 0 0.695312 -2.3287 0.3265 418.517 635.687 
157138 0 0.628906 3.93617 0.255078 346.865 496.631 
157390 0 0.542969 0.29078 0.3265 476.719 635.687 
157601 0 0.515625 1.76858 0.578268 595.902 607.61 
157807 0 0.601562 0.217837 0.387707 424.123 635.626 
158956 0 0.65625 4.73902 0.3265 417.614 635.687 
161044 0 0.796875 0.138726 0.3265 227.435 635.687 
161397 0 0.695312 5.3523 0.3265 471.658 635.687 
161879 0 0.644531 0.344696 0.3265 565.111 635.687 
161978 0 0.601562 18.952 0.3265 421.913 635.687 
162130 0 0.617188 0.29078 0.3265 476.719 635.687 
162366 0 0.832031 113.4 0.3265 444.799 635.687 
162415 0 0.574219 3.23368 0.273444 624.974 532.388 
163155 0 0.644531 0.217837 0.387707 424.123 635.626 
163562 0 0.65625 0.169882 0.302896 330.756 496.583 
164363 0 0.515625 0.365898 0.3265 599.872 635.687 
164883 0 0.601562 0.354331 0.472441 372.31 496.413 
165518 0 0.796875 0.370745 0.312216 607.817 607.876 
165713 0 0.644531 3.23368 0.216816 624.974 422.136 
166478 0 0.558594 4.75017 0.3265 418.596 635.687 
166918 0 0.695312 0.387707 0.244875 635.626 476.765 
167067 0 0.875 0.302896 0.191309 496.583 372.473 
167486 0 0.542969 0.453544 0.604725 476.557 635.409 
168619 0 0.730469 26.8632 0.3265 473.563 635.687 
169076 0 0.777344 30.5186 0.312216 600.061 607.876 
170595 0 0.542969 26.7866 0.312216 596.329 607.876 
171050 0 0.695312 7.1364 0.244875 628.877 476.765 
171757 0 0.515625 0.244875 0.387707 476.765 635.626 
172330 0 0.71875 0.29078 0.3265 476.719 635.687 
172877 0 0.515625 1.38712 0.604725 467.374 635.409 
173033 0 0.574219 0.387707 0.244875 635.626 476.765 
173091 0 0.644531 20.6045 0.312216 602.511 607.876 
173383 0 0.71875 0.401575 0.604725 421.951 635.409 
173830 0 0.617188 7.34879 0.560315 628.665 588.746 
174231 0 0.65625 0.472441 0.354331 496.413 372.31 
175251 0 0.730469 0.370745 0.312216 607.817 607.876 
176446 0 0.617188 5.3523 0.3265 471.658 635.687 
176778 0 0.574219 2.03356 0.217837 610.564 424.123 
177213 0 0.71875 0.217479 0.3265 356.546 635.687 
178028 0 0.542969 0.472441 0.354331 496.413 372.31 
178744 0 0.644531 1.10038 0.894642 416.226 635.119 
179112 0 0.796875 0.354331 0.472441 372.31 496.413 
179392 0 0.695312 7.02066 0.244875 589.966 476.765 
180383 0 0.53125 94.0333 -0.574207 463.337 636.588 
180560 0 0.601562 4.75017 0.3265 418.596 635.687 
181499 0 0.863281 0.310771 0.3265 509.494 635.687 
181859 0 0.617188 0.3265 0.258067 635.687 423.089 
182021 0 0.558594 0.218085 0.3265 357.54 635.687 
182202 0 0.558594 0.23323 0.3265 382.369 635.687 
182805 0 0.671875 1.81895 0.3265 351.548 635.687 
183127 0 0.617188 0.259279 0.3265 425.075 635.687 
183500 0 0.695312 21.4428 0.3265 421.612 635.687 
183716 0 0.542969 0.302896 0.180085 496.583 350.621 
184791 0 0.628906 35.9749 0.3265 491.401 635.687 
185157 0 0.601562 0.387707 0.217327 635.626 423.129 
185950 0 0.617188 5.57531 0.171923 491.31 334.729 
186042 0 0.742188 4.01423 0.3265 353.743 635.687 
186282 0 0.644531 0.596894 0.894642 423.743 635.119 
186449 0 0.542969 7.1364 0.222428 628.877 433.062 
186929 0 0.765625 5.57531 0.169882 491.31 330.756 
187236 0 0.785156 0.29078 0.3265 476.719 635.687 
187243 0 0.542969 0.604725 0.453544 635.409 476.557 
187271 0 0.671875 7.1364 0.244875 628.877 476.765 
187362 0 0.574219 0.257462 0.3265 422.095 635.687 
187513 0 0.796875 3.23368 0.217837 624.974 424.123 
187990 0 0.542969 4.4722 0.698939 368.192 496.187 
188689 0 0.617188 5.57531 0.169882 491.31 330.756 
188906 0 0.515625 0.343937 0.472441 361.389 496.413 
189078 0 0.585938 3.72431 0.255078 328.195 496.631 
189310 0 0.585938 0.670981 0.894642 476.339 635.119 
189451 0 0.53125 4.76132 0.3265 419.579 635.687 
189698 0 0.8125 83.2854 0.3265 321.169 635.687 
189828 0 0.742188 30.5186 0.312216 600.061 607.876 
190140 0 0.585938 2.08512 0.3265 391.93 635.687 
191471 0 0.515625 15.155 0.3265 461.855 635.687 
192047 0 0.558594 0.387707 0.244875 635.626 476.765 
192871 0 0.558594 2.15747 0.3265 416.975 635.687 
192964 0 0.574219 54.9195 0.40441 625.088 424.93 
193348 0 0.574219 0.604725 0.40252 635.409 422.944 
193743 0 0.53125 3.23368 0.217837 624.974 424.123 
193926 0 0.542969 18.9681 0.3265 472.513 635.687 
194875 0 0.542969 6.40046 0.3265 564.024 635.687 
194940 0 0.671875 0.524204 0.698939 372.14 496.187 
196442 0 0.558594 0.258673 0.3265 424.082 635.687 
197870 0 0.601562 0.257462 0.3265 422.095 635.687 
198805 0 0.558594 4.43795 0.3265 391.083 635.687 
199977 0 0.601562 20.2144 0.670981 627.773 476.339 
200252 0 0.644531 0.191309 0.302896 372.473 496.583 
201646 0 0.542969 4.76132 0.3265 419.579 635.687 
202001 0 0.53125 5.14044 0.255078 452.988 496.631 
202228 0 0.671875 0.3265 0.29078 635.687 476.719 
202445 0 0.777344 12.286 0.578268 606.419 607.61 
203629 0 0.644531 42.2689 0.3265 356.033 635.687 
205333 0 0.671875 0.0836656 0.387707 162.895 635.626 
206027 0 0.695312 2.42526 0.3265 468.731 635.687 
206271 0 0.628906 1.8495 0.305197 623.166 320.683 
206411 0 0.863281 0.29078 0.3265 476.719 635.687 
209747 0 0.8125 0.212027 0.255078 347.608 496.631 
209753 0 0.617188 3.23368 0.238243 624.974 463.853 
210273 0 0.796875 125.523 0.894642 419.927 635.119 
210388 0 0.601562 1.35359 0.3265 406.406 635.687 
210789 0 0.558594 14.3361 0.188248 508.767 366.513 
210915 0 0.542969 5.3523 0.3265 471.658 635.687 
211674 0 0.515625 8.13284 -0.574207 395.338 636.588 
212226 0 0.601562 3.73546 0.255078 329.178 496.631 
213035 0 0.628906 4.76132 0.3265 419.579 635.687 
213086 0 0.574219 0.698939 0.524204 496.187 372.14 
213224 0 0.515625 7.1364 0.217837 628.877 424.123 
213935 0 0.601562 4.73902 0.3265 417.614 635.687 
214192 0 0.671875 17.3377 0.3265 431.899 635.687 
215644 0 0.671875 0.670981 0.894642 476.339 635.119 
216277 0 0.515625 5.3523 0.3265 471.658 635.687 
216636 0 0.601562 4.76132 0.3265 419.579 635.687 
217400 0 0.671875 5.3523 0.3265 471.658 635.687 
219271 0 0.574219 0.302896 0.178555 496.583 347.641 
219283 0 0.796875 0.472441 0.472441 496.413 496.413 
219440 0 0.8125 -0.44533 0.3265 413.401 635.687 
220764 0 0.875 0.596894 0.894642 423.743 635.119 
221291 0 0.542969 0.255078 0.20294 496.631 332.71 
221872 0 0.542969 4.76132 0.3265 419.579 635.687 
222559 0 0.542969 0.40252 0.604725 422.944 635.409 
222735 0 0.847656 5.01431 -0.425272 456.885 471.473 
222825 0 0.542969 0.387707 0.217837 635.626 424.123 
223747 0 0.574219 0.517215 0.698939 367.178 496.187 
224093 0 0.515625 1.45707 0.604725 301.714 635.409 
224664 0 0.601562 0.244875 0.387707 476.765 635.626 
225670 0 0.515625 4.90302 0.604725 419.437 635.409 
226130 0 0.53125 4.75017 0.3265 418.596 635.687 
226408 0 0.542969 5.22964 0.3265 460.849 635.687 
226662 0 0.695312 18.0137 0.3265 448.739 635.687 
228144 0 0.601562 0.258067 0.3265 423.089 635.687 
228942 0 0.542969 3.66291 0.604725 313.35 635.409 
228981 0 0.542969 1.23407 0.894642 466.795 635.119 
229221 0 0.542969 9.307 0.604725 415.033 635.409 
230362 0 0.875 0.243855 0.387707 474.779 635.626 
230993 0 0.542969 4.54946 0.3265 400.909 635.687 
231169 0 0.515625 0.275029 0.3265 450.897 635.687 
231549 0 0.601562 5.3523 0.3265 471.658 635.687 
231822 0 0.585938 0.218691 0.255078 358.533 496.631 
232088 0 0.644531 0.29078 0.3265 476.719 635.687 
233139 0 0.558594 0.596894 0.894642 423.743 635.119 
233771 0 0.542969 0.387707 0.3265 635.626 635.687 
234779 0 0.730469 0.258673 0.3265 424.082 635.687 
235399 0 0.65625 4.18149 0.255078 368.483 496.631 
235778 0 0.628906 0.204152 0.3265 334.697 635.687 
235784 0 0.707031 0.278058 0.3265 455.863 635.687 
236592 0 0.574219 0.244875 0.387707 476.765 635.626 
236845 0 0.515625 3.23368 0.252527 624.974 491.664 
236914 0 0.65625 32.3054 0.3265 441.278 635.687 
237928 0 0.695312 -0.669041 0.233141 621.072 453.92 
237984 0 0.542969 -2.34517 0.3265 421.478 635.687 
238013 0 0.90625 0.202334 0.255078 331.717 496.631 
239318 0 0.71875 0.472441 0.354331 496.413 372.31 
240767 0 0.683594 0.354331 0.472441 372.31 496.413 
241326 0 0.644531 0.191309 0.302896 372.473 496.583 
243199 0 0.542969 3.08872 0.255078 319.715 496.631 
243344 0 0.601562 0.604725 0.453544 635.409 476.557 
243495 0 0.574219 5.57531 0.191309 491.31 372.473 
243867 0 0.644531 1.10038 0.894642 416.226 635.119 
244496 0 0.601562 5.96294 0.385814 490.923 273.895 
244750 0 0.585938 44.6338 0.549366 489.671 390.003 
245311 0 0.644531 30.5186 0.312216 600.061 607.876 
245576 0 0.542969 5.2631 0.3265 463.797 635.687 
245651 0 0.644531 0.698939 0.524204 496.187 372.14 
246454 0 0.730469 0.604725 0.604725 635.409 635.409 
246883 0 0.542969 0.453544 0.604725 476.557 635.409 
248111 0 0.765625 0.403465 0.604725 423.937 635.409 
248400 0 0.574219 4.76132 0.3265 419.579 635.687 
249550 0 0.574219 0.590552 0.392126 620.517 412.023 
250137 0 0.585938 4.97443 -0.767555 304.567 478.529 
250619 0 0.558594 278.794 -3.58959 480.021 639.603 
251065 0 0.644531 0.387707 0.244875 635.626 476.765 
251537 0 0.515625 3.23368 0.3265 624.974 635.687 
252294 0 0.574219 0.698939 0.524204 496.187 372.14 
252559 0 0.574219 0.387707 0.244875 635.626 476.765 
252776 0 0.574219 0.894642 0.584313 635.119 414.812 
253386 0 0.542969 0.465493 0.698939 330.46 496.187 
253433 0 0.574219 0.29078 0.3265 476.719 635.687 
253695 0 0.644531 75.9435 0.217837 622.514 424.123 
254368 0 0.617188 1.64543 0.547968 622.394 389.01 
255483 0 0.796875 0.698939 0.631841 496.187 448.553 
255747 0 0.558594 0.244875 0.387707 476.765 635.626 
255824 0 0.515625 0.451654 0.604725 474.571 635.409 
255965 0 0.617188 0.217837 0.387707 424.123 635.626 
256407 0 0.671875 0.387707 0.244875 635.626 476.765 
256941 0 0.515625 2.39633 3.21362 306.144 326.718 
257169 0 0.671875 0.3265 0.29078 635.687 476.719 
259854 0 0.875 0.29078 0.3265 476.719 635.687 
260261 0 0.53125 70.0107 0.217327 628.446 423.129 
261061 0 0.574219 3.72431 0.255078 328.195 496.631 
261318 0 0.542969 0.894642 0.596894 635.119 423.743 
261732 0 0.628906 63.9606 0.3265 430.072 635.687 
261796 0 0.515625 7.86503 0.925175 628.149 518.817 
262048 0 0.617188 31.5434 0.855501 588.095 607.333 
262440 0 0.585938 3.23368 0.204062 624.974 397.304 
262587 0 0.542969 2.42526 0.3265 468.731 635.687 
262682 0 0.796875 0.604725 0.403465 635.409 423.937 
262895 0 0.617188 0.472441 0.315591 496.413 331.604 
263474 0 0.765625 0.387707 0.244365 635.626 475.772 
264441 0 0.695312 0.698939 0.524204 496.187 372.14 
265777 0 0.585938 6.82418 0.312216 601.364 607.876 
265816 0 0.574219 2.05137 0.3265 396.468 635.687 
266400 0 0.53125 0.202022 0.387707 393.331 635.626 
266981 0 0.515625 3.23368 0.217327 624.974 423.129 
267933 0 0.515625 2.35535 0.255078 307.6 496.631 
267940 0 0.777344 0.29078 0.3265 476.719 635.687 
268831 0 0.914062 34.8073 0.24189 198.317 254.164 
269314 0 0.574219 0.453544 0.604725 476.557 635.409 
269682 0 0.601562 0.29078 0.3265 476.719 635.687 
269866 0 0.585938 4.76132 0.3265 419.579 635.687 
270705 0 0.8125 0.387707 0.242324 635.626 471.799 
271997 0 0.855469 0.387707 0.248956 635.626 484.711 
272049 0 0.574219 88.512 0.3265 382.698 635.687 
272148 0 0.671875 -0.122206 0.3265 315.837 635.687 
272212 0 0.542969 0.670981 0.894642 476.339 635.119 
273232 0 0.515625 4.73902 0.3265 417.614 635.687 
273642 0 0.574219 0.255078 0.227172 496.631 372.437 
273711 0 0.558594 8.27933 0.3265 474.585 635.687 
274219 0 0.855469 0.387707 0.236712 635.626 460.873 
274708 0 0.71875 13.3393 0.578268 594.849 607.61 
275392 0 0.601562 234.059 0.670981 629.465 476.339 
275749 0 0.683594 0.354331 0.472441 372.31 496.413 
276018 0 0.601562 0.894642 0.581517 635.119 412.827 
276285 0 0.617188 7.1364 0.217837 628.877 424.123 
278463 0 0.847656 2.42526 0.3265 468.731 635.687 
278848 0 0.671875 -0.669041 0.244875 621.072 476.765 
279730 0 0.71875 0.201729 0.255078 330.724 496.631 
279769 0 0.558594 0.29078 0.3265 476.719 635.687 
280891 0 0.65625 17.6444 0.217837 626.175 424.123 
281032 0 0.644531 2.15747 0.3265 416.975 635.687 
282046 0 0.558594 0.416568 0.698939 295.727 496.187 
282296 0 0.671875 0.387707 0.244875 635.626 476.765 
283037 0 0.542969 7.1364 0.217837 628.877 424.123 
283268 0 0.574219 0.596894 0.894642 423.743 635.119 
283785 0 0.617188 5.79553 0.255078 332.209 496.631 
284106 0 0.574219 4.69441 0.3265 413.683 635.687 
284445 0 0.558594 0.35984 0.3265 589.94 635.687 
284623 0 0.644531 0.244875 0.387707 476.765 635.626 
284698 0 0.558594 2.52631 0.191309 488.261 372.473 
284764 0 0.875 0.403465 0.604725 423.937 635.409 
285047 0 0.796875 7.34879 0.403465 628.665 423.937 
286523 0 0.601562 5.73142 0.3265 505.067 635.687 
287667 0 0.53125 0.29078 0.3265 476.719 635.687 
287959 0 0.558594 0.29078 0.3265 476.719 635.687 
288430 0 0.558594 -1.40454 0.255078 332.907 496.631 
289229 0 0.617188 21.8845 0.184677 487.197 359.561 
289960 0 0.875 0.29078 0.3265 476.719 635.687 
290163 0 0.574219 7.1364 0.2612 628.877 508.55 
290179 0 0.601562 0.40252 0.604725 422.944 635.409 
290843 0 0.707031 0.894642 0.598292 635.119 424.736 
292082 0 0.777344 7.1364 0.3265 628.877 635.687 
292415 0 0.601562 0.698939 0.465493 496.187 330.46 
292456 0 0.628906 0.227172 0.255078 372.437 496.631 
292488 0 0.574219 0.595496 0.894642 422.751 635.119 
293245 0 0.515625 5.3523 0.3265 471.658 635.687 
293804 0 0.695312 0.465493 0.698939 330.46 496.187 
294162 0 0.8125 120.315 0.244875 632.78 476.765 
294831 0 0.515625 4.02538 0.3265 354.726 635.687 
295478 0 0.585938 0.387707 0.2612 635.626 508.55 
296284 0 0.601562 1.75384 0.137742 329.66 268.181 
297343 0 0.777344 0.408189 0.604725 428.901 635.409 
297353 0 0.585938 0.387707 0.3265 635.626 635.687 
297427 0 0.574219 3.23368 0.295891 624.974 576.091 
297578 0 0.542969 0.265512 0.472441 278.984 496.413 
297698 0 0.617188 0.416693 0.604725 437.836 635.409 
299355 0 0.601562 0.191309 0.302896 372.473 496.583 
299609 0 0.875 0.29078 0.3265 476.719 635.687 
300039 0 0.585938 4.17033 0.255078 367.5 496.631 
300276 0 0.574219 57.8014 0.3265 351.503 635.687 
300659 0 0.53125 1.81895 0.3265 351.548 635.687 
300913 0 0.574219 0.191309 0.302896 372.473 496.583 
301718 0 0.515625 7.1364 0.244875 628.877 476.765 
302536 0 0.515625 4.18149 0.255078 368.483 496.631 
302882 0 0.832031 0.377953 0.472441 397.131 496.413 
306437 0 0.53125 55.5105 0.217327 557.087 423.129 
306700 0 0.515625 3.23368 0.244875 624.974 476.765 
307074 0 0.515625 0.169882 0.302896 330.756 496.583 
308165 0 0.765625 7.34879 0.401575 628.665 421.951 
308193 0 0.601562 7.1364 0.244875 628.877 476.765 
308466 0 0.617188 0.29078 0.3265 476.719 635.687 
309495 0 0.644531 0.698939 0.455708 496.187 323.514 
309938 0 0.574219 5.3523 0.3265 471.658 635.687 
309964 0 0.574219 7.36515 0.3265 422.183 635.687 
310200 0 0.515625 2.42526 0.3265 468.731 635.687 
310862 0 0.804688 0.370745 0.312216 607.817 607.876 
310980 0 0.617188 4.90302 0.604725 419.437 635.409 
312213 0 0.628906 2.42526 0.3265 468.731 635.687 
312406 0 0.515625 0.0212717 1.89596 476.989 634.118 
312720 0 0.65625 0.403465 0.604725 423.937 635.409 
314177 0 0.542969 0.604725 0.454489 635.409 477.55 
314709 0 0.683594 0.258067 0.3265 423.089 635.687 
315219 0 0.515625 4.83979 -0.298767 492.046 331.225 
315257 0 0.730469 -2.99891 0.894642 484.947 635.119 
315450 0 0.515625 30.7945 0.3265 420.639 635.687 
315492 0 0.796875 13.1405 0.312216 595.048 607.876 
316015 0 0.515625 0.377953 0.472441 397.131 496.413 
316404 0 0.601562 0.622056 0.894642 441.606 635.119 
317999 0 0.847656 34.2505 0.312216 603.793 607.876 
318908 0 0.71875 0.169882 0.302896 330.756 496.583 
319617 0 0.71875 0.226772 0.302362 238.278 317.704 
320490 0 0.542969 0.258067 0.3265 423.089 635.687 
320706 0 0.585938 7.1364 0.244875 628.877 476.765 
321333 0 0.671875 4.4268 0.3265 390.1 635.687 
321887 0 0.601562 0.40063 0.604725 420.958 635.409 
322574 0 0.695312 0.244875 0.387707 476.765 635.626 
322724 0 0.863281 0.257462 0.3265 422.095 635.687 
322895 0 0.695312 0.29078 0.3265 476.719 635.687 
322944 0 0.617188 7.34879 0.431811 628.665 453.722 
322959 0 0.542969 44.0332 0.312216 601.475 607.876 
323151 0 0.53125 0.387707 0.244875 635.626 476.765 
323571 0 0.601562 0.894642 0.668186 635.119 474.355 
324614 0 0.695312 0.258673 0.3265 424.082 635.687 
324927 0 0.515625 -5.09249 0.670981 629.132 476.339 
325114 0 0.53125 0.29078 0.3265 476.719 635.687 
325527 0 0.574219 0.226566 0.255078 371.444 496.631 
326082 0 0.65625 2.43918 0.3265 374.148 635.687 
326462 0 0.707031 34.2505 0.312216 603.793 607.876 
326627 0 0.574219 0.453544 0.604725 476.557 635.409 
328117 0 0.53125 26.8768 0.849109 596.098 476.161 
329080 0 0.515625 0.670981 0.894642 476.339 635.119 
329614 0 0.558594 1.05095 0.255078 203.117 496.631 
330554 0 0.65625 0.524204 0.698939 372.14 496.187 
331317 0 0.542969 77.3613 -0.574207 474.525 636.588 
331317 0 0.53125 234.092 -1.66252 480.984 651.273 
331569 0 0.796875 0.578268 0.578268 607.61 607.61 
332455 0 0.515625 0.3265 0.257462 635.687 422.095 
332570 0 0.683594 104.348 0.198961 496.204 387.372 
333772 0 0.558594 0.191309 0.302896 372.473 496.583 
333956 0 0.65625 7.1364 0.218347 628.877 425.116 
334417 0 0.867188 0.25625 0.3265 420.109 635.687 
334977 0 0.9375 43.5339 0.894642 316.383 635.119 
335081 0 0.542969 0.258673 0.3265 424.082 635.687 
336658 0 0.515625 2.08512 0.3265 391.93 635.687 
338191 0 0.644531 35.8176 0.323949 631.418 630.721 
338325 0 0.671875 -0.447421 0.3265 415.342 635.687 
338718 0 0.574219 4.96203 0.255078 437.266 496.631 
338901 0 0.558594 2.42526 0.3265 468.731 635.687 
339442 0 0.914062 69.1702 0.73109 626.715 519.011 
341828 0 0.574219 6.82418 0.312216 601.364 607.876 
343218 0 0.585938 37.5461 0.3265 419.107 635.687 
343466 0 0.644531 2.67615 0.16325 235.829 317.844 
343803 0 0.53125 0.894642 0.596894 635.119 423.743 
344795 0 0.601562 67.8652 0.3265 356.928 635.687 
345356 0 0.671875 0.29078 0.3265 476.719 635.687 
345397 0 0.558594 1.89473 0.255078 366.196 496.631 
345469 0 0.574219 84.2555 0.244875 575.174 476.765 
345941 0 0.796875 35.8176 0.3265 631.418 635.687 
346232 0 0.601562 0.3265 0.258673 635.687 424.082 
346638 0 0.671875 0.29078 0.3265 476.719 635.687 
346707 0 0.742188 0.302896 0.169882 496.583 330.756 
346968 0 0.777344 4.75017 0.3265 418.596 635.687 
347370 0 0.515625 1.89473 0.255078 366.196 496.631 
347664 0 0.617188 2.15747 0.3265 416.975 635.687 
348012 0 0.742188 0.40441 0.604725 424.93 635.409 
348243 0 0.542969 -3.51501 0.217837 631.723 424.123 
348708 0 0.585938 0.387707 0.19539 635.626 380.419 
349594 0 0.824219 40.8133 0.216306 486.562 421.143 
349837 0 0.71875 0.201729 0.255078 330.724 496.631 
350002 0 0.542969 0.604725 0.403465 635.409 423.937 
350023 0 0.671875 0.29078 0.3265 476.719 635.687 
350388 0 0.683594 3.23368 0.244875 624.974 476.765 
351559 0 0.671875 0.324095 0.604725 340.539 635.409 
351810 0 0.574219 1.89473 0.255078 366.196 496.631 
352491 0 0.695312 0.670981 0.894642 476.339 635.119 
352618 0 0.796875 0.40252 0.604725 422.944 635.409 
352684 0 0.542969 -3.51501 0.216306 631.723 421.143 
353180 0 0.574219 0.254433 0.3265 417.13 635.687 
353518 0 0.742188 4.46152 0.604725 342.927 635.409 
354307 0 0.628906 0.227172 0.255078 372.437 496.631 
355610 0 0.8125 0.403465 0.604725 423.937 635.409 
356347 0 0.542969 5.3523 0.3265 471.658 635.687 
356498 0 0.601562 1.76842 0.255078 341.783 496.631 
357941 0 0.832031 0.227172 0.255078 372.437 496.631 
358427 0 0.574219 0.217837 0.387707 424.123 635.626 
358525 0 0.542969 2.42526 0.3265 468.731 635.687 
359833 0 0.574219 7.1364 0.244875 628.877 476.765 
360137 0 0.515625 0.3265 0.387707 635.687 635.626 
360943 0 0.765625 3.23368 0.255588 624.974 497.624 
360960 0 0.742188 158.129 0.217327 571.55 423.129 
361238 0 0.542969 0.453544 0.604725 476.557 635.409 
361571 0 0.558594 6.1321 -5.98961 384.414 642.003 
361621 0 0.558594 2.15747 0.3265 416.975 635.687 
363784 0 0.574219 5.3523 0.3265 471.658 635.687 
364297 0 0.601562 0.259279 0.3265 425.075 635.687 
364587 0 0.617188 77.7759 0.3265 408.503 635.687 
364636 0 0.585938 5.94328 0.3265 523.737 635.687 
365207 0 0.515625 15.3345 1.13214 437.231 634.882 
365387 0 0.730469 0.594098 0.894642 421.759 635.119 
365642 0 0.742188 0.387707 0.217327 635.626 423.129 
365655 0 0.695312 0.258673 0.3265 424.082 635.687 
365766 0 0.695312 0.453544 0.604725 476.557 635.409 
365886 0 0.574219 0.524204 0.698939 372.14 496.187 
366141 0 0.515625 2.42526 0.3265 468.731 635.687 
366225 0 0.628906 7.1364 0.275994 628.877 537.354 
367569 0 0.515625 0.387707 0.239263 635.626 465.839 
368212 0 0.515625 6.19493 -0.428861 629.819 475.452 
368752 0 0.515625 0.3265 0.29078 635.687 476.719 
368900 0 0.585938 0.453544 0.604725 476.557 635.409 
368940 0 0.71875 0.670981 0.894642 476.339 635.119 
368961 0 0.683594 2.42526 0.3265 468.731 635.687 
368982 0 0.574219 0.244875 0.387707 476.765 635.626 
369370 0 0.542969 0.29078 0.3265 476.719 635.687 
369503 0 0.542969 4.18149 0.255078 368.483 496.631 
370813 0 0.777344 0.387707 0.275484 635.626 536.361 
370818 0 0.585938 7.63256 0.659798 628.381 468.4 
370999 0 0.601562 5.72442 0.894642 471.286 635.119 
371749 0 0.558594 4.18149 0.255078 368.483 496.631 
373315 0 0.867188 0.387707 0.243344 635.626 473.786 
374083 0 0.542969 1.8495 0.40252 623.166 422.944 
374982 0 0.515625 0.698939 0.524204 496.187 372.14 
375430 0 0.683594 0.258673 0.3265 424.082 635.687 
376365 0 0.574219 4.18149 0.255078 368.483 496.631 
376442 0 0.65625 0.387707 0.244875 635.626 476.765 
376478 0 0.796875 56.1437 0.244875 626.703 476.765 
377000 0 0.601562 0.894642 0.736682 635.119 522.981 
378284 0 0.707031 4.76132 0.3265 419.579 635.687 
380711 0 0.644531 0.578268 0.578268 607.61 607.61 
382125 0 0.574219 5.3523 0.3265 471.658 635.687 
382734 0 0.542969 20.2144 0.670981 627.773 476.339 
383339 0 0.785156 0.598292 0.894642 424.736 635.119 
383838 0 0.9375 0.821952 0.894642 583.516 635.119 
384136 0 0.765625 0.250798 0.3265 411.171 635.687 
384651 0 0.671875 2.20294 0.3265 425.764 635.687 
385997 0 0.832031 0.29078 0.3265 476.719 635.687 
386134 0 0.796875 18.598 0.578268 600.107 607.61 
387148 0 0.601562 0.257462 0.3265 422.095 635.687 
388927 0 0.671875 0.604725 0.453544 635.409 476.557 
389315 0 0.628906 7.1364 0.3265 628.877 635.687 
389566 0 0.515625 26.8583 1.13214 414.88 634.882 
391648 0 0.644531 0.604725 0.453544 635.409 476.557 
392481 0 0.785156 0.258673 0.3265 424.082 635.687 
393014 0 0.601562 23.9361 0.3265 470.636 635.687 
393282 0 0.574219 0.604725 0.604725 635.409 635.409 
394940 0 0.777344 0.894642 0.595496 635.119 422.751 
395801 0 0.695312 0.453544 0.604725 476.557 635.409 
396526 0 0.515625 49.3577 0.255078 331.882 496.631 
396729 0 0.542969 4.73902 0.3265 417.614 635.687 
396903 0 0.558594 17.1566 0.3265 344.691 635.687 
398438 0 0.601562 3.71316 0.255078 327.213 496.631 
398905 0 0.71875 0.258673 0.3265 424.082 635.687 
399655 0 0.558594 0.524204 0.698939 372.14 496.187 
400044 0 0.644531 0.894642 0.675175 635.119 479.316 
400794 0 0.601562 0.3265 0.258067 635.687 423.089 
402096 0 0.542969 3.23368 0.244875 624.974 476.765 
402473 0 0.863281 0.29078 0.3265 476.719 635.687 
402720 0 0.796875 127.721 0.312216 607.354 607.876 
402765 0 0.824219 0.227172 0.255078 372.437 496.631 
402783 0 0.617188 0.670981 0.894642 476.339 635.119 
403584 0 0.542969 0.604725 0.604725 635.409 635.409 
403817 0 0.574219 1.89473 0.255078 366.196 496.631 
405249 0 0.542969 0.191309 0.302896 372.473 496.583 
405432 0 0.53125 4.18149 0.255078 368.483 496.631 
405691 0 0.574219 4.76132 0.3265 419.579 635.687 
406570 0 0.542969 0.387707 0.217837 635.626 424.123 
407403 0 0.796875 12.2928 0.326929 467.408 343.518 
407518 0 0.574219 0.258673 0.3265 424.082 635.687 
407614 0 0.53125 0.40252 0.604725 422.944 635.409 
407650 0 0.875 0.259279 0.3265 425.075 635.687 
407825 0 0.53125 5.57531 0.254568 491.31 495.637 
407943 0 0.53125 4.76132 0.3265 419.579 635.687 
408112 0 0.730469 0.29078 0.3265 476.719 635.687 
409358 0 0.542969 6.82418 0.312216 601.364 607.876 
409630 0 0.53125 4.18149 0.255078 368.483 496.631 
409867 0 0.707031 21.2732 -4.00555 578.818 429.34 
410510 0 0.695312 4.96203 0.3265 437.266 635.687 
410735 0 0.730469 28.6541 0.3265 505.134 635.687 
411665 0 0.542969 2.15747 0.3265 416.975 635.687 
412362 0 0.515625 0.697541 0.894642 495.194 635.119 
412887 0 0.601562 0.387707 0.246405 635.626 479.745 
413395 0 0.644531 2.12716 0.3265 411.116 635.687 
413552 0 0.628906 0.3265 0.258067 635.687 423.089 
414385 0 0.542969 0.244875 0.387707 476.765 635.626 
414638 0 0.515625 0.370745 0.312216 607.817 607.876 
415716 0 0.707031 2.42526 0.3265 468.731 635.687 
415741 0 0.542969 0.183656 0.387707 357.574 635.626 
415882 0 0.644531 2.03356 0.277525 610.564 540.334 
416330 0 0.671875 5.3523 0.3265 471.658 635.687 
416343 0 0.617188 0.604725 0.403465 635.409 423.937 
416745 0 0.574219 10.5561 0.312216 605.096 607.876 
416837 0 0.683594 1.23396 0.604725 415.768 635.409 
417249 0 0.839844 0.387707 0.244875 635.626 476.765 
418696 0 0.574219 0.258673 0.3265 424.082 635.687 
419096 0 0.628906 3.09221 0.312216 597.632 607.876 
419201 0 0.71875 1.35041 0.3265 405.452 635.687 
419379 0 0.53125 7.1364 0.217837 628.877 424.123 
419882 0 0.683594 21.4983 0.578268 555.138 607.61 
420230 0 0.601562 0.894642 0.596894 635.119 423.743 
420281 0 0.765625 7.1364 0.244875 628.877 476.765 
421060 0 0.53125 0.253221 0.3265 415.143 635.687 
421455 0 0.515625 4.4722 0.698939 368.192 496.187 
422670 0 0.53125 4.76132 0.3265 419.579 635.687 
422998 0 0.601562 4.76132 0.3265 419.579 635.687 
423123 0 0.574219 0.258067 0.3265 423.089 635.687 
423519 0 0.585938 3.23368 0.234672 624.974 456.9 
423971 0 0.644531 0.257462 0.3265 422.095 635.687 
424521 0 0.8125 0.302896 0.160189 496.583 311.884 
426241 0 0.542969 0.227172 0.255078 372.437 496.631 
426795 0 0.574219 5.3523 0.3265 471.658 635.687 
430056 0 0.542969 0.227172 0.255078 372.437 496.631 
430286 0 0.53125 0.28654 0.3265 469.767 635.687 
430377 0 0.585938 7.1364 0.223959 628.877 436.042 
431140 0 0.515625 0.29078 0.3265 476.719 635.687 
431848 0 0.542969 84.0744 -0.339141 632.3 375.985 
432468 0 0.617188 2.03356 0.217837 610.564 424.123 
432898 0 0.601562 21.8845 0.255078 487.197 496.631 
433192 0 0.65625 0.191309 0.302896 372.473 496.583 
433204 0 0.695312 1.23407 0.894642 466.795 635.119 
433915 0 0.730469 75.1535 0.604725 476.097 635.409 
434297 0 0.574219 0.453544 0.604725 476.557 635.409 
434479 0 0.644531 4.75017 0.3265 418.596 635.687 
435205 0 0.695312 0.314646 0.472441 330.611 496.413 
437351 0 0.65625 5.57531 0.203552 491.31 396.311 
439522 0 0.574219 13.7417 0.218347 622.272 425.116 
439525 0 0.542969 0.604725 0.428032 635.409 449.75 
440507 0 0.574219 0.191309 0.302896 372.473 496.583 
440617 0 0.542969 52.508 0.3265 471.335 635.687 
441491 0 0.585938 1.23407 0.894642 466.795 635.119 
441553 0 0.542969 5.3523 0.3265 471.658 635.687 
443498 0 0.695312 0.668186 0.894642 474.355 635.119 
445602 0 0.574219 184.579 1.13214 468.453 634.882 
445834 0 0.617188 21.2932 0.3265 418.67 635.687 
445999 0 0.824219 7.1364 0.209674 628.877 408.23 
446005 0 0.628906 0.201729 0.255078 330.724 496.631 
446574 0 0.53125 7.1364 0.218347 628.877 425.116 
447314 0 0.617188 5.25897 0.604725 449.888 635.409 
449909 0 0.695312 0.403465 0.604725 423.937 635.409 
450075 0 0.53125 5.3523 0.3265 471.658 635.687 
450100 0 0.742188 0.894642 0.670981 635.119 476.339 
450303 0 0.765625 5.3523 0.3265 471.658 635.687 
450488 0 0.53125 5.57531 0.170392 491.31 331.749 
451090 0 0.585938 0.471086 0.3265 405.293 635.687 
451144 0 0.515625 0.29078 0.3265 476.719 635.687 
452084 0 0.847656 21.5135 0.3265 629.093 635.687 
452122 0 0.644531 0.403465 0.604725 423.937 635.409 
452891 0 0.65625 0.387707 0.243855 635.626 474.779 
453860 0 0.683594 80.4607 0.3265 423.172 635.687 
454750 0 0.671875 21.7878 0.894642 418.531 635.119 
455301 0 0.777344 0.454489 0.604725 477.55 635.409 
455352 0 0.671875 10.6398 0.604725 525.167 635.409 
455597 0 0.585938 0.270183 0.3265 442.952 635.687 
455981 0 0.742188 0.604725 0.453544 635.409 476.557 
456292 0 0.574219 0.604725 0.453544 635.409 476.557 
456559 0 0.886719 13.2333 0.3265 469.631 635.687 
456865 0 0.683594 0.403465 0.604725 423.937 635.409 
457262 0 0.683594 10.5561 0.312216 605.096 607.876 
458255 0 0.585938 -2.35067 0.3265 422.465 635.687 
458410 0 0.542969 2.42526 0.3265 468.731 635.687 
458790 0 0.929688 38.6239 0.472441 372.707 496.413 
459272 0 0.9375 180.896 0.453544 631.095 476.557 
459634 0 0.542969 5.94328 0.3265 523.737 635.687 
460229 0 0.671875 75.0935 0.535387 620.791 380.079 
460494 0 0.515625 2.15242 0.3265 415.999 635.687 
460682 0 0.742188 0.114495 0.3265 187.708 635.687 
460841 0 0.90625 0.354331 0.472441 372.31 496.413 
460927 0 0.53125 4.01423 0.3265 353.743 635.687 
461009 0 0.542969 1.76858 0.578268 595.902 607.61 
462031 0 0.730469 7.1364 0.22906 628.877 445.974 
462371 0 0.585938 0.242923 0.255078 398.259 496.631 
462629 0 0.601562 4.75017 0.3265 418.596 635.687 
462643 0 0.574219 3.23368 0.216816 624.974 422.136 
464786 0 0.742188 0.259279 0.3265 425.075 635.687 
465675 0 0.910156 13.568 0.3265 396.752 635.687 
466085 0 0.601562 0.3265 0.29078 635.687 476.719 
466256 0 0.558594 0.401575 0.604725 421.951 635.409 
466339 0 0.671875 0.387707 0.183146 635.626 356.581 
468233 0 0.824219 0.241711 0.306094 396.273 595.957 
468245 0 0.542969 2.15747 0.3265 416.975 635.687 
468954 0 0.558594 0.403465 0.604725 423.937 635.409 
473237 0 0.644531 4.75017 0.3265 418.596 635.687 
473406 0 0.585938 0.387707 0.244875 635.626 476.765 
474039 0 0.601562 4.4714 0.3265 394.031 635.687 
474095 0 0.882812 0.302896 0.169882 496.583 330.756 
474786 0 0.777344 0.472441 0.354331 496.413 372.31 
474854 0 0.847656 0.387707 0.216306 635.626 421.143 
475732 0 0.542969 5.3523 0.3265 471.658 635.687 
476415 0 0.707031 7.1364 0.217327 628.877 423.129 
476491 0 0.601562 5.57531 0.171412 491.31 333.736 
477689 0 0.644531 63.9491 0.234162 634.508 455.907 
478136 0 0.742188 35.8176 0.271913 631.418 529.408 
481480 0 0.542969 0.419528 0.604725 440.815 635.409 
482436 0 0.882812 4.4714 0.3265 394.031 635.687 
483050 0 0.777344 0.668186 0.894642 474.355 635.119 
483667 0 0.601562 0.894642 0.595496 635.119 422.751 
484404 0 0.574219 2.42526 0.3265 468.731 635.687 
484415 0 0.882812 0.14539 0.16325 238.36 317.844 
485130 0 0.515625 5.20734 0.3265 458.884 635.687 
485802 0 0.53125 0.387707 0.217327 635.626 423.129 
485844 0 0.742188 15.7471 0.29385 392.275 572.118 
485972 0 0.71875 75.9435 0.217327 622.514 423.129 
486040 0 0.53125 0.387707 0.244875 635.626 476.765 
486438 0 0.824219 0.258673 0.3265 424.082 635.687 
487583 0 0.617188 7.63256 0.595496 628.381 422.751 
488664 0 0.707031 24.3849 0.320888 479.461 624.761 
489091 0 0.671875 0.271395 0.171412 444.938 333.736 
489305 0 0.574219 1.15705 0.155598 223.624 302.945 
489339 0 0.515625 20.2144 0.595496 627.773 422.751 
489764 0 0.832031 0.752058 0.894642 533.897 635.119 
490515 0 0.644531 0.403465 0.604725 423.937 635.409 
491470 0 0.765625 2.52631 0.191309 488.261 372.473 
491757 0 0.574219 0.244365 0.387707 475.772 635.626 
492937 0 0.832031 24.3364 0.312216 606.243 607.876 
493772 0 0.8125 0.894642 0.894642 635.119 635.119 
493799 0 0.542969 0.456378 0.604725 479.535 635.409 
494427 0 0.601562 7.63256 0.670981 628.381 476.339 
494759 0 0.558594 0.453544 0.604725 476.557 635.409 
496597 0 0.671875 0.29078 0.3265 476.719 635.687 
496954 0 0.515625 5.3523 0.3265 471.658 635.687 
497344 0 0.796875 0.201729 0.255078 330.724 496.631 
497599 0 0.574219 3.23368 0.217837 624.974 424.123 
498032 0 0.855469 0.281087 0.3265 460.829 635.687 
498807 0 0.53125 30.6506 0.3265 418.673 635.687 
499031 0 0.558594 7.1364 0.217837 628.877 424.123 
500663 0 0.617188 13.2333 0.3265 469.631 635.687 
502136 0 0.617188 55.1245 0.472441 416.126 496.413 
503823 0 0.617188 0.169882 0.302896 330.756 496.583 
505573 0 0.71875 7.1364 0.183146 628.877 356.581 
506178 0 0.765625 0.302896 0.191309 496.583 372.473 
507042 0 0.515625 7.1364 0.217837 628.877 424.123 
507081 0 0.542969 64.0172 0.3265 587.607 635.687 
507235 0 0.515625 6.82418 0.312216 601.364 607.876 
508101 0 0.574219 0.453544 0.604725 476.557 635.409 
508312 0 0.574219 0.201729 0.255078 330.724 496.631 
508730 0 0.53125 0.289568 0.3265 474.733 635.687 
508917 0 0.558594 1.86947 0.3265 361.313 635.687 
509131 0 0.695312 0.594098 0.894642 421.759 635.119 
509719 0 0.796875 0.596894 0.894642 423.743 635.119 
509824 0 0.601562 7.63256 0.894642 628.381 635.119 
510329 0 0.585938 2.42526 0.3265 468.731 635.687 
511647 0 0.601562 0.453544 0.604725 476.557 635.409 
511999 0 0.585938 7.99311 0.3265 397.153 635.687 
512248 0 0.515625 0.387707 0.244875 635.626 476.765 
512476 0 0.53125 4.75017 0.3265 418.596 635.687 
512657 0 0.585938 2.15747 0.3265 416.975 635.687 
512776 0 0.71875 31.2299 0.255078 348.603 496.631 
512929 0 0.796875 28.0684 0.312216 609.975 607.876 
513283 0 0.558594 0.491339 0.604725 516.27 635.409 
513567 0 0.515625 0.244875 0.387707 476.765 635.626 
514979 0 0.558594 0.258673 0.3265 424.082 635.687 
515445 0 0.53125 2.42526 0.3265 468.731 635.687 
515579 0 0.628906 0.313701 0.472441 329.618 496.413 
516173 0 0.601562 7.1364 0.208144 628.877 405.251 
516871 0 0.53125 18.2954 0.3265 407.297 635.687 
516916 0 0.515625 2.42526 0.3265 468.731 635.687 
517832 0 0.867188 344.973 -3.58959 636.736 639.603 
519208 0 0.542969 0.245951 0.3265 403.225 635.687 
519569 0 0.644531 0.604725 0.40252 635.409 422.944 
519611 0 0.585938 2.42526 0.3265 468.731 635.687 
519688 0 0.707031 0.387707 0.265791 635.626 517.489 
520871 0 0.542969 0.257462 0.3265 422.095 635.687 
521509 0 0.515625 4.76132 0.3265 419.579 635.687 
521540 0 0.53125 5.3523 0.3265 471.658 635.687 
521601 0 0.683594 0.670981 0.894642 476.339 635.119 
522156 0 0.585938 2.15747 0.3265 416.975 635.687 
522638 0 0.601562 0.218347 0.387707 425.116 635.626 
522713 0 0.574219 0.244875 0.387707 476.765 635.626 
522940 0 0.585938 31.9148 0.26069 627.515 507.556 
523100 0 0.695312 1.64543 0.670981 622.394 476.339 
523175 0 0.644531 4.18149 0.255078 368.483 496.631 
523229 0 0.65625 0.387707 0.244875 635.626 476.765 
523241 0 0.558594 1.68252 0.255078 325.182 496.631 
525083 0 0.542969 0.259279 0.3265 425.075 635.687 
525247 0 0.53125 4.76132 0.3265 419.579 635.687 
526103 0 0.515625 0.244875 0.387707 476.765 635.626 
526706 0 0.515625 0.217837 0.387707 424.123 635.626 
527029 0 0.515625 7.34879 0.604725 628.665 635.409 
527220 0 0.765625 6.72036 0.255078 167.41 496.631 
528977 0 0.574219 0.698939 0.524204 496.187 372.14 
528980 0 0.515625 202.94 0.595496 624.661 422.751 
529528 0 0.65625 0.465493 0.698939 330.46 496.187 
530470 0 0.574219 0.191309 0.302896 372.473 496.583 
530624 0 0.558594 5.33 0.3265 469.693 635.687 
530854 0 0.515625 1.09267 0.894642 413.308 635.119 
532058 0 0.53125 5.3523 0.3265 471.658 635.687 
532690 0 0.515625 0.604725 0.498898 635.409 524.212 
532761 0 0.574219 0.670981 0.894642 476.339 635.119 
532855 0 0.574219 0.431811 0.604725 453.722 635.409 
533145 0 0.601562 0.227172 0.255078 372.437 496.631 
534601 0 0.71875 0.464095 0.698939 329.468 496.187 
534827 0 0.894531 162.391 0.312216 602.54 607.876 
535094 0 0.71875 4.76132 0.3265 419.579 635.687 
535253 0 0.824219 34.2505 0.312216 603.793 607.876 
536038 0 0.847656 0.604725 0.338268 635.409 355.432 
537241 0 0.558594 4.76132 0.3265 419.579 635.687 
537270 0 0.542969 0.29078 0.3265 476.719 635.687 
537672 0 0.628906 7.1364 0.217837 628.877 424.123 
537991 0 0.515625 2.42526 0.3265 468.731 635.687 
538067 0 0.617188 0.227172 0.255078 372.437 496.631 
541291 0 0.921875 0.595496 0.894642 422.751 635.119 
541634 0 0.601562 6.82418 0.312216 601.364 607.876 
542776 0 0.644531 0.40252 0.604725 422.944 635.409 
544306 0 0.796875 0.370745 0.312216 607.817 607.876 
544565 0 0.515625 7.1364 0.3265 628.877 635.687 
545007 0 0.882812 60.4188 0.401575 630.588 421.951 
545826 0 0.515625 0.465493 0.698939 330.46 496.187 
546219 0 0.542969 0.403465 0.604725 423.937 635.409 
546717 0 0.601562 0.3265 0.285328 635.687 467.781 
548506 0 0.542969 2.14737 0.3265 415.022 635.687 
548555 0 0.617188 0.258067 0.3265 423.089 635.687 
549167 0 0.558594 0.387707 0.217327 635.626 423.129 
550471 0 0.558594 0.257462 0.3265 422.095 635.687 
550691 0 0.542969 2.42526 0.3265 468.731 635.687 
551660 0 0.515625 3.23368 0.216306 624.974 421.143 
552612 0 0.847656 34.2505 0.312216 603.793 607.876 
552775 0 0.53125 2.52631 0.191309 488.261 372.473 
552842 0 0.574219 8.27395 0.3265 405.651 635.687 
553788 0 0.742188 0.219902 0.3265 360.519 635.687 
554291 0 0.671875 0.598292 0.894642 424.736 635.119 
554595 0 0.515625 0.227778 0.255078 373.43 496.631 
554838 0 0.542969 7.1364 0.244875 628.877 476.765 
555005 0 0.796875 0.670981 0.894642 476.339 635.119 
555009 0 0.601562 4.18149 0.255078 368.483 496.631 
555597 0 0.671875 0.722703 0.894642 513.057 635.119 
556158 0 0.515625 0.387707 0.244875 635.626 476.765 
557258 0 0.601562 0.302896 0.168862 496.583 328.769 
557672 0 0.644531 13.6763 0.894642 424.728 635.119 
557884 0 0.644531 0.387707 0.244875 635.626 476.765 
557916 0 0.542969 4.75017 0.3265 418.596 635.687 
558073 0 0.847656 0.227172 0.255078 372.437 496.631 
558213 0 0.515625 0.764198 1.13214 428.545 634.882 
559099 0 0.628906 1.81895 0.3265 351.548 635.687 
560011 0 0.753906 0.302896 0.169372 496.583 329.763 
562197 0 0.742188 21.5472 0.3265 630.077 635.687 
562207 0 0.671875 6.18314 0.3265 385.07 635.687 
562448 0 0.796875 0.29078 0.3265 476.719 635.687 
562581 0 0.53125 0.268972 0.3265 440.965 635.687 
563281 0 0.617188 0.302896 0.249466 496.583 485.705 
563758 0 0.855469 7.34879 0.405355 628.665 425.923 
563882 0 0.71875 0.594098 0.894642 421.759 635.119 
564091 0 0.644531 0.387707 0.217837 635.626 424.123 
564280 0 0.628906 0.401575 0.604725 421.951 635.409 
565469 0 0.574219 60.0464 0.217327 630.605 423.129 
565853 0 0.601562 0.354331 0.472441 372.31 496.413 
565962 0 0.515625 3.5905 0.244365 316.404 475.772 
565989 0 0.542969 7.1364 0.244875 628.877 476.765 
566524 0 0.53125 0.670981 0.894642 476.339 635.119 
567197 0 0.515625 4.67337 0.472441 399.792 496.413 
567886 0 0.542969 4.30593 0.472441 368.358 496.413 
568147 0 0.515625 0.604725 0.453544 635.409 476.557 
569972 0 0.542969 3.31468 0.3265 483.104 635.687 
569976 0 0.90625 0.387707 0.244875 635.626 476.765 
570169 0 0.644531 7.1364 0.215796 628.877 420.149 
570448 0 0.832031 0.293203 0.3265 480.692 635.687 
570539 0 0.542969 5.74124 0.351496 491.144 369.331 
571008 0 0.855469 0.257462 0.3265 422.095 635.687 
571313 0 0.765625 0.604725 0.453544 635.409 476.557 
571893 0 0.601562 0.40441 0.604725 424.93 635.409 
572388 0 0.695312 5.57531 0.178044 491.31 346.648 
572408 0 0.515625 -0.206909 0.216306 534.75 421.143 
573094 0 0.574219 0.302896 0.191309 496.583 372.473 
574315 0 0.683594 5.3523 0.3265 471.658 635.687 
576566 0 0.558594 7.34879 0.44315 628.665 465.636 
578236 0 0.601562 0.387707 0.218857 635.626 426.109 
579091 0 0.542969 5.0685 0.894642 417.284 635.119 
579902 0 0.558594 0.387707 0.283647 635.626 552.253 
580294 0 0.574219 0.225999 0.387707 440.015 635.626 
581357 0 0.71875 30.5186 0.312216 600.061 607.876 
581615 0 0.601562 0.894642 0.668186 635.119 474.355 
