724 14 0.665319 3.89938 -0.62824 468.729 376.068 
885 14 0.632794 5.96076 4.16351 404.611 638.519 
1000 14 0.508168 297.575 -6.76863 453.597 642.68 
1268 14 0.546568 1.81495 2.74694 404.343 638.283 
1584 14 0.685524 17.1688 -0.79037 593.087 613.376 
1675 14 0.730474 4.63064 1.42761 471.019 638.608 
1761 14 0.593465 371.598 4.55443 550.408 424.641 
2149 71 0.525256 19.6436 3.88073 414.959 636.66 
2157 14 0.559355 43.9921 3.29754 411.691 632.925 
2157 14 0.556395 230.751 -1.41624 407.331 644.739 
2431 14 0.564629 9.16792 3.4318 606.249 453.804 
2587 14 0.500377 48.1474 -1.1341 351.832 501.444 
2592 14 0.659912 7.09571 -4.71657 341.513 645.719 
2923 15 0.513646 148.358 15.8364 236.238 487.839 
2923 15 0.511498 213.955 106.647 217.821 111.195 
2923 15 0.507719 215 82.4992 218.674 86.7744 
3553 14 0.554622 5.68227 4.11583 415.25 636.132 
4134 14 0.512951 5.21414 3.37515 413.602 636.74 
5037 14 0.640599 10.1825 -2.90955 408.407 643.721 
5037 14 0.531857 195.689 7.50978 414.26 645.45 
5477 14 0.558452 28.0715 -1.81931 342.191 640.594 
5503 14 0.57245 5.24952 1.69177 483.451 331.346 
6040 14 0.662908 2.3598 -2.28468 332.892 636.517 
6471 14 0.672354 69.101 -2.36061 327.255 503.232 
7088 14 0.577516 178.762 8.65809 540.197 472.931 
7281 14 0.542951 24.8544 0.0593948 346.632 641.611 
7784 15 0.636009 68.8041 4.73529 348.499 494.211 
7818 14 0.552638 6.4095 1.05433 409.49 639.256 
8211 15 0.522056 1.33107 0.180511 412.006 637.613 
8629 14 0.515707 3.94224 -2.59512 623.488 640.189 
8844 14 0.559045 56.7712 1.95484 409.783 636.675 
9772 14 0.566979 362.383 2.24157 618.073 552.481 
10764 14 0.60839 5.32042 -3.58406 396.227 644.675 
10995 32 0.505444 1.75711 2.17138 462.828 639.35 
11197 14 0.688068 101.925 -3.14667 422.576 644.569 
11813 14 0.54252 12.9094 0.704825 486.102 332.723 
13004 14 0.627765 133.125 -1.12939 489.219 376.876 
13201 15 0.623009 35.2291 4.60338 587.453 423.584 
13291 15 0.635713 62.5524 -0.0241697 309.457 501.06 
13348 14 0.537325 56.272 -0.901413 404.369 641.708 
13597 14 0.516221 241.706 -5.15129 408.478 644.977 
13659 14 0.511454 68.3255 -3.49064 457.735 645.169 
13774 71 0.610866 5.79064 2.92858 454.377 637.792 
14226 6 0.56697 2.93336 0.386105 468.838 639.843 
14439 15 0.55903 70.6228 6.80477 365.139 634.712 
14473 14 0.74046 120.598 8.97955 418.545 633.414 
14888 14 0.632767 156.19 3.05912 467.909 639.165 
15440 14 0.60289 37.5376 -0.26292 612.695 401.951 
15497 32 0.630451 13.73 -7.51045 469.012 641.403 
15517 14 0.509349 146.46 -3.17684 452.468 646.555 
15597 14 0.649176 80.3644 -0.11974 628.675 432.826 
16249 14 0.573329 8.27435 1.45517 353.312 499.247 
16439 15 0.51169 6.70409 8.3742 454.298 634.399 
16502 14 0.565934 68.5706 0.910006 480.813 374.563 
17029 15 0.558242 12.1052 8.96713 604.814 633.365 
17207 14 0.639746 10.2777 1.06039 409.186 639.956 
17379 14 0.609198 46.0342 2.25251 627.883 476.733 
18491 14 0.664237 111.143 0.426788 407.406 641.284 
18575 14 0.528945 20.9401 -0.210819 454.049 637.581 
18770 14 0.551672 2.33665 1.72873 416.257 639.652 
18837 14 0.548146 265.186 5.65416 457.307 642.953 
19432 15 0.548564 4.70162 0.739422 461.122 637.303 
20107 14 0.527991 5.08827 2.60051 490.119 330.743 
20571 14 0.517935 65.491 1.82031 613.06 537.347 
21503 14 0.743476 36.8314 1.71925 473.987 638.427 
21604 14 0.519802 4.78188 -0.336426 627.781 511.79 
22192 14 0.595751 20.8389 0.857334 412.332 640.201 
22479 14 0.655791 3.22605 -1.26614 566.992 641.772 
22589 14 0.565797 13.3163 3.8636 454.838 632.033 
22705 14 0.507214 13.2043 5.76518 615.723 473.055 
22755 14 0.593283 5.07626 2.30846 464.023 638.314 
23126 6 0.50575 3.53929 -0.450115 395.032 635.638 
23359 15 0.654286 8.69457 3.2193 410.336 635.178 
23751 14 0.68337 7.14867 1.48193 623.216 428.98 
25181 14 0.651983 4.33107 -0.477448 379.558 640.989 
25394 14 0.585882 159.087 -2.34936 618.465 483.582 
26465 14 0.541957 0.985052 0.631228 360.14 499.666 
26941 14 0.64286 43.5597 -6.32496 399.329 647.5 
27972 15 0.599508 17.5512 15.6799 354.621 629.122 
27982 14 0.693592 150.253 0.867873 326.056 510.436 
28285 15 0.545687 7.23395 0.521526 396.636 636.203 
28452 14 0.517446 1.49878 2.06356 637.168 477.9 
29187 14 0.678266 21.8797 1.09089 469.899 638.766 
29984 15 0.65402 137.582 -2.34764 438.654 644.09 
30785 14 0.629175 165.613 -1.89091 470.393 643.494 
31248 14 0.677441 20.6112 -1.08281 321.836 502.367 
31296 15 0.578009 63.8982 16.0151 389.653 627.171 
31620 14 0.6588 62.0397 0.992575 633.666 475.89 
31620 14 0.588021 292.119 -4.88328 625.853 482.384 
31749 14 0.677938 45.7937 -3.10764 620.091 638.846 
31817 14 0.653018 8.07379 -0.472734 619.832 332.724 
32038 14 0.52756 1.61947 1.4553 477.665 332.134 
32570 14 0.656938 85.3172 0.0281525 413.123 641.538 
32901 14 0.523561 7.95315 5.03366 528.636 635.568 
33005 14 0.64197 7.9312 2.58387 410.532 638.812 
33114 14 0.679812 160.533 -1.66458 449.146 644.731 
33854 15 0.605142 84.9605 6.90163 397.792 634.191 
34760 15 0.616369 24.5623 5.07905 602.757 421.813 
36678 14 0.661727 10.8231 -6.05766 315.822 646.363 
36844 14 0.55393 14.4029 1.92503 476.063 638.456 
37988 14 0.602344 1.77841 -1.9256 466.531 638.808 
38048 14 0.614569 157.472 -1.2382 357.214 298.24 
38048 14 0.588252 88.6052 -3.17794 446.302 299.431 
38118 14 0.5575 55.8814 4.61285 413.893 631.716 
38576 14 0.608762 3.34997 0.278364 628.521 437.485 
38576 14 0.563474 401.891 -0.291326 629.376 439.055 
38678 14 0.536056 14.2487 5.10364 631.943 475.372 
38829 15 0.514433 42.322 12.611 345.536 629.22 
39405 14 0.607404 44.6172 1.96802 459.948 638.759 
39484 14 0.576363 13.5315 0.704498 428.236 638.707 
39551 14 0.60068 30.0926 -0.26474 408.603 642.223 
39670 14 0.596388 80.825 -3.20835 608.429 636.911 
39951 14 0.697929 33.4139 -0.884933 425.804 636.478 
40757 14 0.638391 13.6725 0.177577 619.64 425.203 
41488 14 0.584643 27.4805 4.25617 351.791 637.184 
41633 14 0.547714 43.2472 -0.474167 413.286 641.421 
41990 14 0.596273 94.3003 -3.6783 447.719 640.77 
42102 14 0.717501 64.8546 -0.122742 615.855 244.129 
42563 15 0.565326 114.676 3.45699 609.717 618.622 
43435 14 0.522229 61.9809 3.13942 614.343 635.065 
43816 14 0.58681 34.1413 1.65775 410.709 636.533 
44590 15 0.56054 73.7869 9.90723 167.113 629.088 
44652 14 0.706049 3.64597 -0.410767 416.572 640.348 
45728 64 0.589018 12.6216 -0.823212 451.28 636.254 
46463 14 0.629147 2.81321 0.0882745 392.749 499.909 
46804 14 0.591123 10.7023 3.89666 458.691 636.691 
47121 14 0.658768 6.46268 1.22662 467.901 639.262 
47585 14 0.546865 56.3778 0.856417 611.299 422.529 
47801 14 0.513176 52.5344 0.0332862 557.035 608.778 
47819 15 0.541319 61.1258 5.09234 335.32 493.375 
47828 14 0.602239 17.9879 -1.47331 303.486 639.892 
47828 14 0.504174 86.4066 -2.85919 242.309 634.152 
48153 14 0.584218 17.0858 -0.771284 350.191 501.488 
48504 14 0.524514 7.70787 4.86656 407.624 636.877 
48555 14 0.637553 42.3714 -1.53358 452.975 642.802 
48564 14 0.525862 1.29442 1.14361 625.366 427.147 
49060 14 0.517019 263.086 -0.277863 392.66 640.783 
49269 14 0.669823 37.046 0.607097 601.081 431.354 
49759 14 0.555733 5.24535 2.74635 422.325 638.458 
49761 14 0.519146 26.9685 0.726261 456.037 637.075 
50679 14 0.609034 2.64739 -1.30985 405.486 641.753 
50811 14 0.585404 30.2227 -0.102882 585.003 641.352 
50828 14 0.694391 3.35402 -0.616493 458.648 640.666 
50844 14 0.525484 9.70499 1.19671 478.237 331.191 
50943 14 0.636567 75.5944 -2.70981 297.63 644.4 
51309 14 0.633896 45.0779 0.457306 334.42 639.212 
51938 15 0.595576 173.761 8.34082 371.321 634.443 
51961 14 0.55193 105.173 0.0288362 588.217 426.305 
52017 14 0.659876 42.4311 0.355949 398.375 637.63 
52413 14 0.603151 7.90449 2.03358 366.754 498.201 
52565 14 0.581073 163.963 -10.1419 337.17 646.323 
52565 14 0.520739 137.57 7.37288 441.235 635.572 
52591 14 0.621699 155.576 -0.481735 623.311 360.543 
52891 14 0.509318 49.54 1.88128 406.989 638.258 
53994 15 0.512025 70.0439 7.14217 605.375 475.426 
54593 15 0.729219 72.5635 6.41973 375.097 635.26 
54931 14 0.627261 16.9452 -0.930355 613.799 426.441 
55072 14 0.541719 0.603702 5.06639 404.99 636.151 
55150 14 0.521906 2.15844 1.29997 405.617 639.777 
55950 14 0.527686 57.8042 1.72124 544.044 424.362 
56127 14 0.594533 299.674 -1.74072 631.084 577.737 
56288 14 0.572304 18.1712 2.79022 457.787 638.79 
56344 14 0.551791 129.81 -8.25264 455.954 650.715 
56545 14 0.57014 3.23374 4.45708 606.317 502.88 
57150 14 0.575307 4.75677 0.143237 310.94 240.062 
57238 14 0.665442 31.9136 1.41854 479.733 373.612 
57725 14 0.520299 288.813 0.160675 460.653 644.398 
57760 15 0.593714 91.3055 -1.94138 204.9 492.867 
57760 15 0.538813 189.705 385.986 193.202 392.238 
57760 15 0.525327 189.497 364.559 193.083 371.655 
57760 15 0.516769 186.227 364.602 190.382 371.239 
57760 15 0.515238 197.012 139.876 200.431 146.521 
57760 15 0.50869 190.68 407.804 194.391 414.065 
57760 15 0.508201 195.869 163.134 199.226 169.694 
57760 15 0.505755 186.653 386.554 190.654 392.702 
58393 14 0.71549 150.997 -9.66244 466.509 648.736 
58655 14 0.532455 17.1374 0.182555 564.169 423.544 
59386 15 0.701055 131.931 3.02265 558.839 423.176 
59598 14 0.606947 17.4896 -1.03714 462.569 638.246 
60052 14 0.585835 69.5837 -4.84562 411.978 645.463 
60363 14 0.513812 243.185 4.97322 454.739 628.562 
60449 14 0.703007 195.471 3.86507 630.589 477.295 
60886 15 0.653773 28.701 4.44338 300.062 496.032 
60899 14 0.550437 19.0085 0.803536 622.873 359.317 
60932 14 0.520657 138.351 2.56886 405.352 640.422 
61584 14 0.507074 69.5076 1.65562 342.131 497.58 
62355 14 0.532556 6.3653 5.08259 410.392 637.213 
62692 14 0.606419 94.7728 -1.17862 617.366 428.869 
63602 15 0.553619 113.625 27.9199 305.983 616.692 
64462 14 0.679641 55.4429 0.897184 355.664 495.844 
64523 14 0.599978 11.233 2.80556 440.917 637.911 
65350 14 0.522069 20.1584 -1.50431 410.396 638.818 
65485 14 0.509506 -0.222038 3.66945 342.176 639.149 
65736 14 0.644558 3.43992 3.32468 406.182 638.778 
65798 71 0.604432 29.5419 0.597839 452.619 639.276 
66561 14 0.591136 53.6625 -0.922661 404.491 641.063 
66635 15 0.521234 13.6835 -0.0461769 452.157 637.743 
66771 14 0.500328 6.17373 6.31973 463.799 634.431 
66817 14 0.520504 4.29846 2.24688 599.727 610.157 
67213 14 0.606112 27.8623 -0.811958 460.375 640.336 
67406 14 0.567386 13.0006 -2.10805 362.854 498.149 
67616 14 0.517163 295.61 20.5454 404.447 632.727 
68078 14 0.619728 187.029 0.165203 618.268 361.064 
68387 14 0.578563 9.23753 2.20457 461.276 638.651 
69138 14 0.705854 80.5985 -0.226529 620.113 370.946 
70229 14 0.541909 210.374 -1.98123 626.529 483.801 
71451 14 0.526184 3.84352 -0.321426 602.799 383.544 
71938 14 0.633265 3.93804 1.59145 459.269 638.858 
72795 14 0.627116 150.16 1.99816 460.783 639.856 
72813 14 0.754081 4.6946 -0.536079 466.553 640.483 
73118 14 0.61478 13.6479 2.6693 596.081 609.82 
73153 14 0.594426 5.65197 -0.533546 617.033 427.317 
74092 14 0.543375 86.5446 -0.311643 463.225 330.893 
74860 14 0.562188 181.573 2.29023 423.36 638.264 
74860 14 0.505516 28.2505 -4.2054 416.056 636.922 
75612 6 0.501752 6.23408 -4.84938 460.772 637.711 
76416 14 0.530202 119.388 6.31346 444.466 630.959 
78823 14 0.704495 75.7044 -0.850449 465.857 642.934 
79144 14 0.507028 4.37379 0.800228 413.417 629.641 
79408 14 0.526448 12.2949 8.07739 411.283 632.078 
79588 71 0.595516 4.25314 5.43116 444.428 632.252 
79651 15 0.51362 11.1261 6.02121 448.655 637.882 
79837 14 0.556247 262.466 -4.37165 617.003 437.408 
79969 14 0.704539 116.4 -4.99101 597.852 425.566 
80022 14 0.532874 4.02029 4.51206 407.862 638.101 
80057 14 0.545198 96.8855 -1.56304 618.965 424.912 
80153 14 0.705598 116.777 -0.647617 586.53 426.926 
80273 15 0.505904 30.3007 8.05758 397.7 634.41 
80666 14 0.508389 8.25352 1.97166 590.852 635.969 
80671 14 0.568167 11.7518 1.26482 411.035 638.786 
80932 14 0.511194 35.7215 0.81286 602.548 479.007 
81988 72 0.754035 5.64995 2.45222 407.755 637.536 
82085 14 0.7285 187.573 1.12381 414.172 649.023 
82696 14 0.570631 10.0111 -6.54149 514.36 434.482 
82765 14 0.614785 8.9426 1.70838 623.315 424.55 
82807 14 0.556145 59.1268 1.11547 580.307 639.946 
82821 15 0.510753 135.337 21.6975 326.842 612.077 
82846 14 0.594479 92.9612 -2.28271 432.945 643.516 
82846 14 0.512839 254.625 -4.01466 437.648 640.92 
83113 15 0.540455 31.3418 21.3547 409.222 621.827 
83172 14 0.620405 17.5226 4.89008 401.329 637.555 
83531 14 0.675328 2.88671 1.56711 267.752 498.767 
83540 14 0.533863 330.211 -20.5883 401.802 673.307 
83540 14 0.52072 311.658 1.7285 425.152 641.703 
84170 14 0.638384 54.7474 -0.476952 462.477 642.148 
84362 14 0.667841 19.2807 0.350018 464.155 639.122 
84477 14 0.579186 26.5481 2.52836 408.15 638.525 
84650 14 0.544962 44.8281 1.20855 451.566 638.835 
84752 14 0.511456 69.6921 -4.35173 399.532 645.102 
85376 14 0.720003 359.952 -0.767212 600.179 482.575 
85665 71 0.558617 136.664 3.25117 617.46 504.142 
85772 14 0.576204 3.55503 -0.220375 410.132 638.191 
86483 14 0.640119 21.6879 -2.97195 336.375 503.423 
86582 14 0.649461 71.536 2.00119 416.669 633.155 
86755 71 0.688027 85.6935 3.36824 439.093 634.18 
87038 14 0.532135 8.09692 4.56465 455.369 638.454 
87470 15 0.548469 127.066 6.20443 436.61 636.002 
88218 15 0.56615 14.5729 8.49568 590.946 473.581 
88462 14 0.512982 3.40711 -3.61635 362.589 639.477 
88485 14 0.503778 45.9369 -2.07932 401.68 639.872 
90062 14 0.509716 6.73084 2.85048 405.024 638.138 
90155 15 0.520075 3.93381 1.9569 400.946 636.838 
90208 14 0.645396 115.853 -0.27771 407.988 642.85 
90284 14 0.696143 46.3492 2.5489 578.864 636.867 
90631 72 0.541032 33.2316 2.54911 370.093 638.024 
92053 32 0.5696 6.04892 1.30013 398.611 635.112 
92124 14 0.62961 286.671 -4.85911 628.017 363.535 
92177 14 0.631071 150.161 -0.945312 627.06 623.351 
93261 14 0.545865 134.484 -2.77613 261.638 501.489 
94157 71 0.533197 6.55602 1.84157 598.394 371.311 
94326 14 0.729144 209.319 1.34423 480.744 377.548 
94614 15 0.65469 0.656106 0.823231 397.375 636.154 
95899 15 0.565629 18.3793 0.660858 447.128 638.153 
96493 14 0.662527 7.57135 1.88532 607.127 424.25 
96549 14 0.562279 2.89747 1.9714 202.328 635.479 
96825 14 0.642769 15.88 3.28629 493.064 637.554 
97230 14 0.509228 148.041 0.327015 469.439 638.256 
97278 14 0.582427 60.0294 -0.487311 611.674 457.373 
97994 14 0.601316 2.45478 1.15406 420.106 639.142 
98261 14 0.667848 12.1274 0.120506 209.743 320.551 
98520 14 0.556341 127.69 -0.652962 473.508 642.689 
98633 14 0.645926 4.40395 0.742721 629.598 427.204 
98839 14 0.552901 12.1355 0.710182 459.058 639.345 
98853 14 0.593605 62.0776 2.88325 578.874 424.367 
99242 15 0.533208 34.627 12.0375 366.421 629.693 
100510 15 0.500912 43.4739 11.8715 347.759 587.627 
101787 15 0.642535 8.34927 7.62151 595.405 450.341 
102331 14 0.549686 8.61674 2.03893 318.471 497.115 
102356 14 0.510478 9.3454 0.410897 625.134 426.861 
102805 14 0.53566 22.0504 2.8706 413.325 638.207 
102820 14 0.519923 14.7747 -3.08739 620.876 426.43 
103723 14 0.621935 35.0323 2.55042 626.528 478.63 
104803 14 0.547877 15.4775 1.5879 490.354 373.815 
105335 14 0.607564 3.39592 2.0501 591.303 611.37 
105455 15 0.550552 4.75077 3.68767 580.413 424.134 
106330 15 0.606257 3.46403 5.65983 400.524 634.02 
106912 14 0.603568 83.6003 -0.0439196 576.054 610.872 
109992 14 0.665595 197.771 -5.40192 420.389 663.446 
110042 14 0.592767 44.7561 1.57947 597.923 419.53 
110784 14 0.725483 6.81862 2.44773 405.21 433.171 
110999 14 0.505385 2.39016 0.678608 628.368 358.084 
111036 14 0.550223 53.1516 -2.11262 586.098 425.245 
111207 14 0.754995 163.549 4.33381 632.125 475.018 
112298 14 0.535842 34.3522 -2.46435 451.904 636.47 
114049 14 0.553136 21.5971 1.10556 621.61 424.358 
114884 71 0.663254 29.0302 2.45112 304.93 498.85 
115885 14 0.553568 9.32856 0.627697 365.538 499.979 
116206 14 0.551034 4.24796 0.942307 467.445 639.317 
117492 14 0.551571 294.249 1.1709 415.402 638.113 
117525 14 0.67536 50.3529 0.726745 474.992 500.408 
117645 14 0.618297 4.35202 0.420856 463.239 639.54 
118921 71 0.505025 80.9252 1.42971 416.187 640.392 
119088 15 0.562564 27.7234 1.41795 352.591 495.679 
119233 14 0.512744 20.5667 -0.389159 318.07 500.807 
119677 14 0.506424 17.7578 -0.788021 468.203 639.433 
119828 14 0.55986 3.20959 0.770554 366.072 498.974 
119995 14 0.585003 11.1586 -4.49343 474.49 467.759 
121031 15 0.539636 131.762 22.6476 321.018 599.275 
121153 14 0.720137 160.618 3.81292 468.896 638.542 
121153 14 0.507728 190.526 15.3577 359.744 632.13 
121417 14 0.621485 20.0433 -1.89732 623.258 476.591 
122217 14 0.537134 14.4188 1.08754 624.732 424.368 
122927 14 0.560318 116.007 0.830841 337.905 642.203 
123131 15 0.530524 36.2347 0.812607 403.838 638.931 
123213 15 0.53277 16.4682 -0.682468 370.59 639 
123321 14 0.526432 5.43827 1.37232 596.973 610.613 
123480 14 0.545565 24.2721 2.59678 458.105 638.286 
124636 15 0.505824 25.8622 24.1242 397.555 611.74 
124659 14 0.56242 277.378 2.07418 458.535 640.601 
124798 14 0.526863 23.5014 0.550842 408.507 640.918 
125072 14 0.513326 48.6819 0.975513 296.12 639.847 
125129 14 0.631317 194.257 8.23106 318.179 494.118 
125472 14 0.571291 5.15764 1.70407 602.005 423.961 
126110 27 0.517433 0.717595 -0.288582 229.088 320.611 
127135 14 0.508657 1.32299 3.34002 613.84 425.856 
127270 14 0.680338 63.1916 1.14594 473.855 326.623 
127530 15 0.516673 49.0849 7.80041 403.401 631.332 
127987 14 0.646925 241.563 -2.16625 409.589 646.163 
128372 14 0.628575 271.791 -4.28772 407.452 639.799 
128658 15 0.645027 57.2703 9.18835 405.938 632.768 
128699 14 0.558959 13.1267 -1.71686 474.23 353.331 
129062 14 0.512011 153.884 -1.90849 450.094 644.371 
129135 15 0.519578 13.6653 1.73279 450.304 638.933 
129945 15 0.521068 4.73064 -0.386009 301.867 639.182 
131131 14 0.582618 66.1941 -3.41488 458.996 644.73 
131386 14 0.650279 171.492 -7.8006 422.474 648.914 
132116 14 0.502048 5.73499 6.703 574.661 605.767 
132329 14 0.552367 6.08913 0.494793 625.721 425.392 
132703 15 0.522322 46.8502 1.92488 609.477 423.232 
132931 15 0.565308 30.0649 -0.926495 401.186 636.248 
133087 14 0.557028 32.7323 4.06712 410.435 638.18 
133233 14 0.594237 32.2771 -0.8778 342.692 642.282 
133567 14 0.523463 7.38837 -0.365753 389.73 640.731 
133645 14 0.538197 27.2036 2.0439 415.011 638.857 
133819 14 0.555894 2.44517 4.2317 399.329 638.193 
134112 14 0.519714 4.33795 1.21245 350.081 496.698 
134886 15 0.68835 149.001 3.93095 344.174 629.448 
134886 15 0.516041 170.756 361.899 177.22 371.851 
134886 15 0.511873 171.488 397.43 177.342 406.102 
135902 14 0.590281 104.314 -3.64513 406.453 645.439 
136334 14 0.52075 16.8907 -2.94636 455.052 636.992 
136466 14 0.666025 3.07608 -0.6032 480.543 332.848 
136600 14 0.572408 8.97485 2.4453 453.575 638.31 
137106 14 0.55956 9.7109 5.6999 401.801 637.214 
137294 15 0.527398 17.8977 3.97966 407.86 639.333 
137576 15 0.593909 37.4753 6.45849 521.143 631.549 
137950 14 0.662151 1.5709 -1.88169 360.051 640.567 
138979 14 0.639616 53.6689 -2.51209 408.061 640.086 
139260 14 0.619531 30.0292 -0.6073 368.775 639.527 
139871 14 0.557477 66.8561 -3.08598 376.924 639.258 
140270 15 0.551456 35.2907 3.11419 372.483 595.436 
140286 14 0.686795 103.365 0.651703 508.101 640.518 
140929 14 0.530229 1.77618 -0.0799561 390.336 640.371 
140987 14 0.554253 12.1377 0.878614 620.881 424.426 
142472 14 0.691996 50.9418 -0.567818 477.614 642.162 
142585 14 0.596179 14.2918 2.85172 494.827 372.874 
142790 14 0.584064 72.0479 -2.76932 365.983 503.391 
142971 14 0.550791 75.436 -1.05631 340.394 639.846 
143556 14 0.643998 185.607 -1.53949 619.114 482.474 
144114 14 0.541133 160.598 -1.72538 397.301 604.606 
144798 14 0.728242 9.76038 0.315459 633.72 424.677 
144932 15 0.574542 186.064 367.444 189.858 377.087 
144932 15 0.570214 190.821 46.3468 194.886 58.75 
144932 15 0.539457 191.098 82.6853 194.933 92.8123 
144932 15 0.528614 188.813 115.431 192.768 126.721 
144932 15 0.527748 188.131 401.996 192.056 411.212 
144932 15 0.524923 188.017 132.459 192.838 145.66 
144932 15 0.517087 184.209 333.791 188.066 342.254 
144932 15 0.510931 187.006 174.774 191.16 184.285 
144932 15 0.508001 191.232 404.847 194.868 413.179 
144932 15 0.503075 189.354 436.676 193.508 444.64 
144984 14 0.5838 109.165 -3.09554 621.322 429.337 
145665 14 0.620901 3.34269 1.1645 622.514 428.605 
146363 14 0.575304 38.5685 2.87482 362.456 498.105 
146825 14 0.504668 16.268 5.27451 293.193 633.987 
146831 14 0.555273 106.108 -4.21772 419.656 646.378 
147205 14 0.511707 7.94024 6.30457 423.129 634.122 
147223 14 0.542781 14.9552 2.42369 348.801 638.532 
147338 14 0.506657 6.19019 2.89437 614.259 477.557 
147729 14 0.54994 3.89705 1.53011 360.269 498.623 
147745 14 0.526868 20.6636 1.13947 461.407 638.909 
148620 14 0.664824 35.3501 -0.803754 344.308 498.792 
148719 14 0.70302 138.291 -0.196648 400.625 642.933 
148730 15 0.571964 75.3327 5.17473 397.054 632.24 
149375 14 0.558525 9.66862 -2.20936 460.667 638.17 
149770 14 0.61117 1.25516 -0.0236392 138.113 200.025 
150224 14 0.777128 43.2308 -0.8255 411.638 636.92 
151516 14 0.616058 104.49 -5.34775 415.518 645.94 
151629 14 0.647604 217.251 1.63417 619.519 427.222 
151962 14 0.60337 29.4581 1.72159 464.66 635.764 
152120 15 0.55265 11.2098 -2.74239 401.556 639.127 
153343 14 0.523221 17.3837 3.76909 454.759 636.608 
153632 14 0.559242 1.75747 -0.200539 450.937 641.372 
153669 14 0.649568 5.40214 2.12889 409.427 639.245 
154087 71 0.520223 16.419 0.507584 465.708 640.402 
154213 15 0.615051 81.385 7.47558 338.789 494.401 
154705 14 0.545313 125.677 -0.403328 455.64 642.24 
154718 14 0.532365 2.80237 0.904463 491.581 374.471 
155341 14 0.538653 0.981216 -1.09262 465.652 634.459 
155443 14 0.562667 5.04234 2.30743 402.363 638.212 
155451 14 0.565764 106.393 3.55009 457.376 639.019 
156071 14 0.639484 44.0128 -0.787735 461.006 642.329 
156278 14 0.643091 239.893 8.90049 408.157 643.727 
156292 14 0.500354 45.8835 0.814866 597.669 427.694 
156372 14 0.566423 77.6832 -0.977811 473.282 336.81 
156372 14 0.554638 255.082 1.56519 432.49 327.775 
157138 14 0.501335 2.72136 -0.286162 340.471 500.551 
157365 14 0.732576 98.1039 0.242473 627.915 427.049 
157418 14 0.518655 188.643 -2.07916 613.934 483.44 
157756 14 0.678621 68.522 0.378098 619.801 478.789 
157807 14 0.574363 14.8 1.32238 420.691 638.492 
158660 14 0.532227 92.0279 -1.19121 590.056 610.802 
160666 14 0.733553 88.1257 2.65501 467.191 634.462 
160728 14 0.639847 97.1184 -0.945225 408.745 639.995 
161128 14 0.634378 109.046 -3.62375 485.446 371.722 
161799 15 0.571265 30.2413 6.04908 320.389 635.447 
161875 14 0.639955 60.3661 2.62871 389.013 637.574 
161978 14 0.622232 1.6303 -3.58265 414.545 643.853 
162092 14 0.575081 26.2977 1.00037 619.175 638.772 
162366 14 0.587883 32.2163 2.5621 422.926 637.504 
162415 14 0.571214 319.909 -3.0112 616.875 529.308 
162415 14 0.546719 140.07 -3.68841 604.885 532.704 
162858 15 0.547543 198.658 3.33665 526.742 424.284 
163117 6 0.500882 2.65083 -0.829175 479.391 375.165 
163257 14 0.710999 33.5376 -1.77538 606.69 423.746 
163290 15 0.564322 53.1738 4.53033 584.08 472.897 
163314 14 0.637019 19.2197 1.03161 326.782 499.141 
163682 14 0.632486 235.047 -0.506682 621.995 426.966 
163951 14 0.52805 27.515 -0.831707 622.234 424.995 
164363 15 0.562387 9.59268 -1.03401 565.139 637.69 
165518 14 0.561694 5.22342 3.64793 586.625 609.765 
165713 14 0.582535 7.41987 3.42458 611.824 418.307 
166259 15 0.519833 24.7375 1.12732 402.946 637.867 
166287 14 0.509669 6.47209 -3.53977 387.258 645.501 
166391 15 0.590993 124.382 9.53316 311.089 629.05 
166478 14 0.627491 12.3523 0.294056 413.492 639.848 
167067 14 0.568504 4.99618 1.73509 486.414 373.114 
167240 14 0.728244 68.9964 0.609837 414.372 633.924 
168337 14 0.533459 9.56549 4.49549 461.977 635.637 
168458 71 0.629289 2.9044 0.823581 611.49 424.871 
169996 14 0.658529 137.092 -2.41447 410.843 633.882 
170545 14 0.582762 7.05208 1.11723 467.097 638.966 
170613 14 0.537199 116.128 -0.969859 598.902 438.319 
170739 14 0.687014 85.4609 -1.14433 501.04 642.549 
171298 14 0.646704 267.522 8.15329 439.32 635.671 
171611 14 0.639848 115.912 -5.15686 429.596 647.083 
172396 14 0.689713 2.82509 0.700073 347.363 639.034 
172648 14 0.65861 233.121 3.30246 461.386 638.629 
172856 15 0.650554 7.21152 2.59951 450.918 636.799 
172935 14 0.636346 4.995 2.50027 347.801 486.96 
173004 14 0.605809 24.9773 2.85921 460.67 635.56 
173033 14 0.603618 128.588 -0.192404 604.935 481.895 
173091 71 0.570638 3.70059 2.08899 563.375 611.531 
173183 15 0.772881 43.2624 7.63126 432.059 633.739 
174231 14 0.612227 137.524 -0.597015 477.998 377.03 
176232 15 0.537443 90.652 5.12711 607.979 474.658 
176778 14 0.533624 181.243 -2.21041 617.223 430.673 
176799 14 0.657061 115.299 -2.5362 406.174 644.614 
177065 15 0.521748 33.9336 6.37665 510.071 634.043 
177383 14 0.625215 32.9609 0.734995 595.837 423.93 
177714 71 0.527116 1.65181 6.47081 392.348 634.567 
177934 15 0.514518 20.4194 3.95794 435.993 629.932 
178028 14 0.679039 148.58 0.201613 483.216 375.942 
178469 14 0.599988 53.215 0.0510406 399.64 638.779 
179214 14 0.617459 126.821 -1.70406 605.558 427.777 
179265 14 0.700692 121.787 -0.298748 407.431 638.389 
179392 14 0.613011 6.65712 -0.643601 616.747 480.638 
179487 15 0.581527 39.4856 3.73328 595.491 507.806 
179765 14 0.511863 10.8716 2.49094 452.052 635.262 
180751 15 0.519724 78.9604 20.3988 344.51 618.282 
180878 14 0.581469 23.3112 -0.639801 411.329 634.821 
181499 14 0.513214 4.66596 -0.173454 467.662 640.651 
181542 14 0.56262 42.8391 4.35823 570.673 637.332 
181796 14 0.505367 5.60755 1.51196 349.227 638.812 
182021 14 0.622161 20.9519 1.21712 351.675 638.212 
182202 14 0.588206 227.009 0.0575638 377.884 638.306 
182202 14 0.534005 22.311 2.45699 376.078 637.444 
183648 14 0.538369 247.737 -2.18632 406.541 641.898 
183675 14 0.50704 55.5884 2.21926 392.153 639.916 
184400 14 0.605794 111.012 -9.41811 457.281 649.645 
185292 14 0.701805 79.0954 1.58964 619.188 419.586 
185950 14 0.519832 4.21722 -2.75658 462.746 337.181 
186042 14 0.500604 2.0087 1.93335 237.715 637.432 
186296 14 0.628109 121.387 -4.63083 468.431 642.233 
186345 15 0.575632 10.5433 9.8031 407.42 629.921 
186624 14 0.603335 337.561 -2.72881 535.118 644.116 
186632 14 0.592203 34.624 2.13747 621.891 478.468 
186938 14 0.590479 6.89285 2.28472 417.907 638.223 
186980 15 0.505077 37.6218 12.1299 531.365 439.5 
187055 14 0.571416 121.31 -0.963071 622.318 426.324 
187144 14 0.506606 48.5802 2.47938 457.154 635.643 
187249 14 0.527268 25.6418 -2.83525 463.7 640.946 
187745 15 0.637406 141.133 7.54688 412.607 629.569 
188439 14 0.748294 226.381 0.18177 395.807 642.957 
188906 14 0.592929 41.8851 1.3722 352.211 499.355 
189078 71 0.559151 8.88291 2.29456 313.16 498.675 
189310 14 0.518751 3.66507 2.61 473.551 638.037 
189698 14 0.639425 20.821 2.97184 418.734 637.968 
189828 15 0.518069 10.5714 1.83156 575.888 606.44 
190140 14 0.618594 63.8075 2.50813 410.808 638.393 
190637 14 0.604751 10.9043 1.63675 605.432 426.581 
190853 64 0.577667 71.8704 -0.441117 605.631 384.062 
190923 14 0.515129 7.82597 1.12874 479.498 372.763 
191672 14 0.529905 6.17101 -0.503044 407.045 641.188 
191761 15 0.533247 105.887 18.4071 267.806 491.294 
192047 14 0.563337 3.26895 -0.485759 617.123 480.099 
192191 14 0.532804 10.5985 0.861683 618.994 477.75 
192607 14 0.534299 129.175 -1.09299 406.209 643.566 
192670 15 0.566651 30.7442 5.68775 399.999 630.711 
192716 14 0.578154 91.4059 -6.52625 582.208 525.396 
192871 71 0.529635 22.8557 2.60031 411.514 637.51 
193181 14 0.501236 16.7563 1.15345 591.896 422.604 
193494 14 0.601774 24.9444 1.83839 619.572 424.647 
193717 14 0.587654 10.4249 -3.29511 612.361 520.272 
193926 14 0.64925 78.5197 -1.28643 458.541 642.773 
194216 14 0.603183 137.721 -1.42263 280.888 631.281 
194724 14 0.529699 5.25905 4.037 456.957 636.67 
194746 14 0.542154 10.63 2.39 367.187 498.653 
194940 14 0.592649 2.42515 1.28978 371.081 498.595 
195842 14 0.531387 4.96911 0.0297546 465.122 640.318 
195918 14 0.636484 84.6654 -3.03635 412.852 644.452 
196141 15 0.634154 70.0914 4.22512 406.286 637.66 
196185 14 0.555159 49.0494 2.97626 422.434 638.319 
196759 71 0.50517 122.883 -2.61881 414.589 640.25 
198489 14 0.573025 372.718 6.53704 578.591 425.64 
198641 14 0.577473 74.0839 0.913582 461.814 638.83 
198805 15 0.5012 1.67609 -0.0522614 383.088 640.5 
198915 15 0.636777 69.958 18.7327 286.03 625.509 
199236 14 0.599277 93.5828 0.678749 396.779 638.875 
199442 15 0.570208 22.409 8.49754 197.618 636.631 
200252 14 0.619959 26.2917 0.215381 354.167 500.491 
200839 14 0.540524 33.194 2.87403 428.769 634.439 
201072 14 0.568276 28.761 -2.37209 593.631 413.886 
201148 15 0.562398 5.58154 -0.211411 334.897 636.049 
202001 14 0.555843 4.49144 -0.207186 434.371 500.954 
202228 14 0.572835 4.85659 1.14866 624.285 478.861 
203317 14 0.555931 66.7438 -3.77712 397.202 504.322 
203931 14 0.610488 241.29 0.715909 597.908 429.602 
204186 15 0.630166 148.486 6.48417 471.599 641.383 
204329 14 0.513872 106.797 0.100264 602.77 423.046 
204871 14 0.683213 69.8289 -1.40891 594.311 608.794 
205105 14 0.75966 82.9285 5.12686 422.203 638.598 
205324 14 0.522573 9.05466 -1.72096 391.579 637.034 
205514 15 0.502927 58.444 7.57542 376.081 631.183 
206271 14 0.500681 16.5816 0.89218 609.408 320.852 
206487 14 0.666936 46.4311 -0.357628 474.81 641.425 
206838 14 0.609041 167.176 0.937805 465.212 641.445 
207538 14 0.646935 165.847 -2.91415 370.434 500.34 
208901 71 0.567259 48.17 3.17915 404.306 638.573 
209222 14 0.687465 141.225 4.53691 414.5 638.269 
209747 14 0.760844 3.23322 1.32987 341.777 498.852 
209757 14 0.523961 416.888 -4.25725 623.065 429.754 
210502 72 0.67859 5.48309 -1.85535 459.582 641.218 
210520 15 0.542012 23.6319 8.67672 579.102 608.342 
210708 14 0.547826 9.90522 3.44421 323.753 497.058 
210789 14 0.661608 14.0739 -2.06971 492.144 371.306 
211674 14 0.545643 4.7401 2.29368 389.131 638.747 
212072 14 0.547137 28.6922 -1.75156 359.121 498.742 
212166 71 0.50057 2.45472 -1.89584 583.665 614.404 
212800 14 0.685152 103.193 -7.41604 405.311 635.161 
213033 14 0.523242 86.0585 -1.18192 605.542 478.203 
213171 15 0.50692 150.601 6.44073 449.881 368.542 
213255 14 0.540989 335.315 -3.10567 617.992 480.435 
213255 14 0.532965 53.6634 2.56908 616.754 478.127 
213422 14 0.519569 14.2113 1.95942 415.318 638.741 
213605 14 0.677596 352.925 3.78302 591.974 484.073 
213605 14 0.505754 52.1152 -1.45483 610.443 479.093 
213830 14 0.577924 24.6145 1.36753 408.877 638.901 
214224 14 0.649554 6.72887 -1.0025 411.717 641.54 
214753 15 0.684607 71.4326 2.31171 392.084 639.63 
215072 14 0.604624 251.858 3.30017 427.659 638.987 
215259 14 0.555941 61.1647 0.254585 488.027 336.785 
216277 15 0.524156 5.06351 2.90972 444.708 637.652 
216296 14 0.52273 3.43487 -0.79689 412.567 639.082 
216497 14 0.535273 29.4149 1.41291 457.121 638.582 
216636 14 0.597957 3.83412 -0.262566 407.984 640.721 
217285 14 0.597265 84.37 -1.8906 404.027 636.952 
217400 14 0.539485 7.8337 1.34783 467.23 639.219 
217425 14 0.582889 40.2747 1.25547 461.47 638.207 
217753 14 0.500602 47.4168 -3.13602 451.609 643.685 
217872 14 0.663664 84.0152 -2.34764 491.382 334.824 
217957 15 0.535532 48.8213 4.54476 592.578 473.081 
218439 14 0.632044 252.169 1.42922 624.96 480.317 
218997 14 0.610786 33.0607 -0.101471 600.317 641.348 
220732 14 0.543251 36.4981 -0.913448 431.791 638.219 
220764 14 0.566723 4.12067 1.00243 414.542 638.834 
221017 14 0.645617 147.269 1.26251 460.678 641.6 
221291 14 0.596075 278.622 -1.03874 478.836 335.301 
221502 14 0.574957 54.898 6.27031 273.907 631.072 
221754 14 0.564382 262.472 -0.831108 406.088 645.369 
222455 72 0.579772 3.22393 -0.874634 592.547 612.29 
222735 14 0.692818 4.80457 0.634087 630.348 472.993 
223090 14 0.512782 3.66674 1.66256 463.763 639.375 
223738 15 0.516485 85.2159 3.1808 609.891 630.67 
223789 14 0.695716 9.9456 0.609808 484.429 345.84 
224051 71 0.52474 9.16476 4.39987 397.65 634.486 
224200 14 0.548579 16.304 4.79803 615.927 635.962 
224222 15 0.529179 64.3852 13.5754 185.212 623.674 
224664 14 0.67675 5.91997 1.7671 465.599 639.06 
225532 72 0.727108 5.80522 3.70155 350.47 498.07 
225670 72 0.566631 88.9459 -1.09358 377.643 637.096 
225946 71 0.545242 111.434 4.19483 433.143 637.399 
226111 14 0.722014 2.83037 -2.40631 618.796 482.175 
226147 14 0.560831 6.50249 1.7891 616.381 478.976 
226154 14 0.549157 2.6104 1.97359 476.53 631.359 
226171 14 0.540758 8.89681 -1.0247 461.048 641.572 
226802 14 0.655348 4.53829 -3.50193 338.216 638.508 
226883 14 0.524169 251.878 -2.08561 455.397 642.978 
226903 14 0.523912 44.543 0.958405 464.908 639.041 
227482 14 0.618802 57.8925 1.11362 467.724 639.266 
228144 14 0.540091 9.12573 1.72058 418.07 639.11 
228981 14 0.68281 25.3705 1.80689 476.503 639.366 
229111 14 0.569177 8.21298 1.76027 483.257 374.318 
229221 14 0.573845 66.5754 1.76819 408.46 638.708 
229553 14 0.561011 18.4161 0.62149 480.612 640.037 
230450 14 0.543564 43.3754 1.71152 456.214 632.897 
231097 14 0.577044 5.83121 1.73292 455.871 638.606 
231125 14 0.553682 25.4748 2.33586 484.852 373.61 
231508 15 0.553769 82.1941 3.73659 436.789 332.328 
231831 14 0.534944 20.9332 1.31841 624.348 480.116 
232088 14 0.502859 39.6874 0.280113 457.263 640.778 
232538 14 0.634947 200.09 12.029 312.084 629.954 
232538 14 0.513312 62.5894 3.44542 443.069 636.14 
232646 14 0.545699 73.8331 8.02568 247.472 632.167 
232684 15 0.541769 38.7632 4.53186 364.482 632.852 
232692 14 0.522027 21.4856 1.06401 404.98 639.615 
233238 14 0.515464 13.9425 0.180874 610.24 480.171 
233370 14 0.643811 228.21 1.11769 602.796 428.268 
233370 14 0.56648 258.501 7.09221 482.131 418.723 
233727 14 0.660259 76.9531 4.20696 402.715 637.52 
233825 14 0.523405 12.3953 3.03198 463.726 636.869 
234366 14 0.541988 314.461 -10.8109 620.729 481.344 
234366 14 0.516204 82.1148 -3.06195 597.675 482.6 
234607 14 0.574609 8.86406 -0.740357 479.411 376.35 
234660 14 0.514794 46.9646 2.34711 464.672 639.141 
235241 15 0.626543 31.5485 7.0545 397.919 636.614 
235784 14 0.649791 77.2598 -0.266609 448.072 642.321 
235836 15 0.516247 70.1233 2.88657 570.779 419.183 
236308 72 0.524705 41.7952 -1.88915 345.633 638.61 
236412 14 0.512774 310.897 -0.548782 462.408 644.638 
236426 14 0.76323 4.55383 -1.50427 418.293 641.435 
236845 14 0.538887 15.184 2.02367 611.586 491.664 
237071 14 0.592125 88.3734 0.230446 407.882 636.556 
237118 14 0.603153 22.7742 1.15273 609.508 579.418 
237928 14 0.683505 61.1663 0.0661643 630.289 454.779 
238013 72 0.543957 4.65135 -1.1162 317.991 499.083 
239274 15 0.564229 90.8569 11.81 595.132 570.462 
239318 14 0.649292 52.0532 -0.266634 489.618 375.338 
239627 14 0.595798 96.3257 -2.72781 412.431 644.899 
239843 15 0.630592 18.5744 5.02613 352.338 496.383 
240023 15 0.554452 45.9978 0.0298834 599.776 477.758 
240049 14 0.655897 192.538 0.738565 605.281 426.949 
241319 14 0.560168 22.6369 -4.15718 452.72 639.53 
241668 14 0.597229 39.3516 1.37418 636.337 459.456 
242411 14 0.520807 4.83253 -0.0279512 617.69 424.131 
242934 14 0.509684 2.60174 2.10692 220.357 497.933 
243034 14 0.557341 102.78 1.58239 610.772 427.002 
243495 14 0.648569 3.17968 0.267774 466.981 375.111 
243867 14 0.584464 22.5556 2.04906 418.119 639.448 
244379 14 0.637078 3.91691 -1.41319 441.126 641.682 
244496 32 0.656224 21.9764 -2.3361 488.037 276.947 
244750 14 0.682747 52.9611 -2.14888 484.704 392.879 
245026 14 0.629375 60.8694 -1.53772 393.055 637.212 
245102 14 0.597118 4.11371 -2.43343 407.402 639.734 
245173 15 0.680575 8.14892 0.866046 560.823 476.313 
245311 15 0.535252 24.0926 6.15895 580.019 603.86 
245320 71 0.555887 9.91991 0.287094 589.039 424.346 
246883 14 0.608285 160.344 1.65453 463.443 640.479 
246963 15 0.547533 14.6789 -0.465889 394.439 635.559 
247917 14 0.624014 71.0107 4.04972 580.143 604.917 
248112 15 0.510466 2.33913 10.9033 107.295 618.957 
248400 14 0.654944 46.7059 3.6594 405.71 637.205 
248752 27 0.50412 28.2305 4.37905 349.255 495.438 
248980 15 0.63506 8.06739 6.82856 352.321 495.673 
249219 14 0.542172 3.3717 3.28705 474.386 637.185 
249786 15 0.579174 48.6393 0.34481 403.807 638.082 
250127 14 0.605711 23.2619 0.150681 609.886 638.335 
250205 14 0.625249 37.5421 2.57561 439.941 636.669 
250282 14 0.56115 19.4723 1.38229 408.364 639.152 
251065 14 0.719708 50.0737 0.149975 626.191 479.474 
251572 14 0.509076 7.29682 8.05799 408.701 632.713 
252332 14 0.642629 14.7345 7.06007 460.088 635.633 
252716 14 0.514581 446.623 -2.34484 617.992 430.153 
253002 14 0.669156 6.55302 -0.040741 415.993 640.165 
253695 15 0.539645 33.4835 1.84058 609.516 423.673 
253742 14 0.508783 16.2467 19.7688 198.046 633.488 
254516 14 0.661738 3.6424 2.97161 408.723 639.398 
254814 0 0.530581 297.705 68.6777 306.373 82.9128 
255165 14 0.661656 119.681 -7.03506 456.657 648.154 
255749 14 0.547919 80.8658 -1.7919 407.903 639.81 
255749 14 0.503952 221.559 2.40524 363.28 641.982 
256407 15 0.521184 36.5974 3.6046 610.383 474.086 
256941 14 0.51014 110.354 1.48738 469.653 330.432 
257169 14 0.666905 169.339 -0.22871 617.334 481.585 
257624 14 0.719011 89.5802 0.0035255 617.279 423.447 
258388 14 0.596236 15.4542 2.72535 415.084 638.676 
258793 14 0.510111 3.90371 -0.13607 452.797 640.404 
258883 14 0.662243 16.7797 2.59598 620.054 424.332 
259097 71 0.524433 28.2879 -1.311 321.803 502.457 
259640 14 0.50652 25.8603 2.03722 414.098 638.137 
259830 14 0.64366 151.505 2.90459 603.438 419.25 
260106 14 0.715133 106.708 -2.46091 575.075 403.435 
260261 14 0.621074 46.6332 6.05642 605.859 424.597 
260266 14 0.516679 11.9397 0.409459 622.34 477.035 
260925 14 0.561932 20.595 0.765018 459.412 639.075 
261097 14 0.584828 153.315 -1.49724 487.204 335.173 
261982 14 0.593446 127.022 -3.65633 403.259 458.795 
261982 14 0.533319 43.5917 -1.48279 526.007 455.546 
262048 14 0.731294 4.83814 -2.09621 585.897 614.164 
262440 14 0.611026 25.5232 -0.119162 622.626 399.799 
262587 14 0.600218 75.063 -0.0603104 464.803 641.529 
262682 14 0.585231 26.4143 0.820393 620.128 425.1 
263644 14 0.621767 186.824 -5.5589 614.307 478.603 
263644 14 0.526831 334.553 3.89643 577.7 470.91 
263969 14 0.507847 1.50277 3.86282 585.281 638.904 
264441 14 0.601723 4.66681 1.0914 486.126 374.004 
264968 14 0.670889 51.3449 -0.424209 468.609 332.089 
265108 14 0.579643 398.453 -1.30939 625.325 426.482 
265518 14 0.502507 12.6033 2.57336 576.646 610.331 
266768 14 0.536216 108.197 -0.487201 571.547 613.144 
267351 15 0.619389 9.86549 5.20906 386.481 635.219 
267933 14 0.588509 3.92664 2.62205 304.532 497.572 
268996 14 0.529017 207.303 -8.84856 366.139 494.708 
269121 14 0.711691 65.917 3.07739 610.911 477.883 
269314 15 0.553812 11.4321 12.3193 451.276 629.576 
269316 15 0.634556 90.1279 6.72527 404.201 633.734 
269682 14 0.605212 124.923 0.436897 473.869 641.13 
269866 14 0.661728 33.9371 -2.24735 409.688 643.959 
269932 14 0.538811 97.7944 1.44241 477.206 374.334 
270677 14 0.575291 199.013 1.16845 596.41 638.805 
271116 14 0.599365 2.16433 -0.303802 412.716 640.508 
271402 14 0.726282 56.0314 0.187862 614.042 420.651 
271457 14 0.556384 10.1969 1.88012 323.11 498.754 
272148 15 0.508378 114.628 176.692 118.496 184.63 
272148 15 0.505143 138.982 206.175 142.702 213.118 
272148 15 0.504822 139.968 177.837 143.759 185.016 
273551 15 0.515422 43.7303 3.71256 433.033 635.529 
273617 14 0.610144 17.7786 0.849571 405.469 639.384 
273712 14 0.529575 50.4817 4.36498 617.522 477.148 
273715 71 0.503025 1.89469 -0.927806 359.319 500.988 
274066 15 0.656973 106.32 20.864 302.481 622.552 
274219 14 0.531372 1.77393 2.3597 626.911 460.542 
274272 14 0.592459 70.1782 2.5123 456.375 634.311 
274411 71 0.575085 106.968 -0.48696 603.245 427.324 
274708 72 0.595301 38.76 -0.324819 552.524 608.466 
275392 14 0.500832 76.8551 3.07873 589.405 477.576 
275749 14 0.514277 2.10908 2.42692 359.227 498.695 
275791 14 0.528934 110.067 -2.18552 412.899 642.973 
276284 14 0.518523 55.8592 -3.47224 589.163 500.485 
276434 14 0.623529 136.691 -4.30122 408.559 646.208 
277051 14 0.605006 3.73482 3.40879 421.666 636.824 
277051 14 0.53323 257.376 -0.277328 414.083 640.329 
277689 15 0.515197 66.7889 5.10372 403.925 636.368 
278006 14 0.548028 28.241 1.56343 418.534 639.81 
278973 15 0.614884 62.7914 14.7201 378.367 627.484 
279278 14 0.643542 33.6047 -2.09629 413.993 643.582 
279714 14 0.599292 382.843 -2.68633 558.336 426.451 
279714 14 0.589131 98.8224 -1.14663 599.719 425.964 
279927 15 0.534474 2.80194 4.13988 419.945 635.894 
280779 14 0.69002 131.058 -3.657 481.652 645.4 
280891 71 0.55879 1.79821 1.2323 605.082 426.453 
280930 14 0.702294 3.41139 -0.50684 415.25 640.46 
281414 14 0.622435 34.4733 -2.12279 577.798 445.608 
281693 14 0.632282 2.91892 -1.15791 462.013 641.709 
281754 14 0.582316 26.2956 8.83338 584.488 416.358 
282912 14 0.574902 56.0277 2.74412 612.208 477.22 
283037 14 0.569269 -1.34199 -3.27244 580.867 427.463 
283717 14 0.595889 6.12659 2.28519 469.284 639.078 
283785 14 0.588984 1.50445 -3.80129 263.126 504.662 
283785 14 0.504249 8.17515 1.68157 152.574 497.622 
284282 14 0.558422 2.15175 0.329852 321.989 500.264 
284445 14 0.508159 7.80795 2.0734 577.988 639.137 
286503 14 0.508589 325.991 -17.5402 389.703 683.707 
286553 14 0.609839 154.741 0.267906 463.519 641.791 
287347 15 0.57399 26.2049 2.17408 598.232 473.108 
287667 14 0.641997 5.50412 2.42514 457.913 637.686 
289222 14 0.64703 208.162 -6.51468 459.565 645.749 
289229 14 0.569864 0.135988 1.38823 481.167 360.84 
289343 15 0.516759 89.1515 8.06922 571.739 516.773 
289393 14 0.639962 39.7604 2.52693 469.077 639.004 
289741 15 0.645212 53.4727 3.58044 439.936 638.086 
290163 14 0.707615 55.9102 -0.169312 622.501 512.93 
290843 14 0.65268 5.12051 0.557258 623.921 427.585 
291634 15 0.510497 59.218 1.34717 523.138 428.657 
292024 14 0.523483 104.619 -0.84392 579.038 614.507 
292060 14 0.556316 3.38692 -1.53118 612.934 429.812 
292488 14 0.628824 9.68988 2.24319 415.941 638.681 
293071 14 0.510693 33.9097 0.105608 466.92 335.154 
293245 15 0.599997 10.0513 12.5663 441.879 629.114 
293324 71 0.525032 45.2025 4.02773 330.818 636.495 
293625 14 0.50497 7.31084 4.62864 467.353 633.202 
294162 14 0.587439 12.824 -0.902023 612.672 481.425 
294695 15 0.509682 3.84996 -6.31084 401.953 642.811 
294855 14 0.659565 70.6809 0.307009 351.286 499.097 
295478 14 0.649598 10.1544 0.343857 608.854 512.223 
295797 15 0.681809 3.61288 1.8311 598.205 426.146 
296222 14 0.552253 132.443 -6.95042 453.505 647.985 
297353 14 0.629655 30.454 1.43332 623.838 638.083 
297578 14 0.543561 2.0788 1.15393 275.052 499.1 
297698 14 0.641111 124.762 6.16219 433.928 635.699 
298904 14 0.554254 28.0771 0.324712 617.841 479.418 
299553 14 0.680894 5.8246 -1.481 475.2 376.783 
299609 14 0.631512 26.8288 -3.08754 453.042 638.497 
299720 14 0.53274 280.936 2.51057 414.292 637.823 
300842 14 0.52965 0.862412 -2.51514 412.921 638.118 
302107 15 0.546229 46.3968 3.12605 599.607 425.559 
302760 14 0.659036 3.57606 1.54275 364.242 498.817 
302882 14 0.641389 21.4994 3.42436 396.293 497.01 
302990 15 0.56968 97.6619 3.48927 389.292 637.097 
303863 14 0.702527 145.552 -1.22295 278.895 643.92 
303908 15 0.538764 43.9067 0.323792 410.191 634.136 
304404 14 0.58642 8.24974 -5.81984 406.919 640.344 
304812 14 0.501734 9.55215 2.33841 622.367 426.14 
305695 14 0.553233 142.595 -3.16412 467.637 642.521 
305695 14 0.51623 281.229 -8.93143 461.879 651.058 
307074 14 0.586497 2.64358 1.87542 322.614 499.129 
307598 14 0.567141 16.9535 1.86663 420.607 639.191 
308328 14 0.582367 10.127 2.61786 457.87 638.657 
308391 14 0.595927 7.45468 -0.497475 318.584 496.093 
308587 15 0.550356 45.3413 5.36007 274.762 476.577 
308587 15 0.540649 111.526 52.3183 116.675 58.8132 
308587 15 0.53847 147.218 43.5733 152.694 50.7549 
308587 15 0.533964 145.863 51.483 151.414 57.7581 
308587 15 0.530097 107.229 28.6051 113.014 36.5224 
308587 15 0.512648 166.907 423.483 173.408 428.928 
308799 14 0.567721 36.731 -0.556894 473.581 374.397 
309484 14 0.510826 4.30561 2.20844 603.185 531.143 
309495 14 0.703773 13.8017 2.40845 494.664 323.937 
309938 14 0.55643 83.976 -0.642872 456.642 640.589 
310072 14 0.528367 46.105 0.378075 371.63 639.197 
310200 14 0.589186 19.9767 -0.590763 465.305 637.212 
310622 14 0.639307 116.25 -7.4448 413.515 648.736 
310980 14 0.61983 23.0985 0.672951 393.919 638.17 
311002 14 0.579177 47.3947 3.33925 402.635 636.933 
311180 14 0.6496 160.684 -0.832272 613.798 481.492 
311295 15 0.526057 94.0335 52.7014 97.7179 59.1983 
311295 15 0.520277 93.3975 300.766 97.166 306.251 
311295 15 0.518329 71.7552 75.6819 75.14 81.9562 
311295 15 0.51629 73.7292 54.1471 77.5104 60.3028 
311295 15 0.507605 91.3766 79.3171 95.3479 85.2919 
311394 14 0.592542 210.18 -2.15913 596.835 484.28 
311883 14 0.583467 45.6505 1.71173 284.178 639.713 
311928 14 0.521218 6.24532 4.27118 386.593 636.635 
312237 15 0.535898 10.8123 2.01201 245.624 496.969 
312340 14 0.528978 17.411 4.82824 411.016 634.521 
312421 14 0.553318 112.033 3.50552 381.019 633.455 
312489 15 0.579324 62.2972 4.65035 311.791 493.35 
315257 14 0.733394 179.724 0.636101 494.191 642.242 
315450 14 0.691422 6.65513 -3.87354 419.107 640.623 
315492 14 0.506999 5.78503 1.28355 594.998 610.364 
316015 14 0.559747 6.82837 2.07958 387.203 498.29 
318080 14 0.549022 48.7092 0.504684 460.735 640.71 
319617 14 0.533167 47.8297 1.54827 230.833 317.394 
319696 14 0.724639 12.5862 -2.44279 312.906 499.089 
319935 15 0.566109 52.3173 18.1814 364.189 620.159 
320490 14 0.522014 2.99118 0.666676 419.183 639.537 
321214 14 0.591519 9.80458 3.14833 468.545 636.986 
321790 14 0.611633 111.29 0.898266 403.755 635.505 
322864 14 0.522172 36.6491 -0.984948 617.203 427.316 
322944 14 0.514673 16.7951 2.28024 618.779 455.124 
322959 14 0.541927 3.72548 1.69917 572.974 611.504 
322968 14 0.652929 17.9683 -3.16469 594.597 484 
323151 14 0.605142 12.932 3.21526 599.505 478.299 
323202 14 0.585905 12.0313 1.90576 612.337 474.911 
323496 14 0.752731 19.4967 0.299722 384.261 497.852 
323571 14 0.540567 20.3682 0.922553 623.231 477.25 
325114 14 0.584724 4.07784 1.95812 464.922 638.32 
325347 15 0.630976 7.58961 2.67763 342.511 635.998 
326082 14 0.529971 28.4613 -0.270424 417.728 639.852 
326174 14 0.54212 145.016 1.53643 450.492 640.787 
326248 14 0.636699 14.093 -0.457172 407.376 640.218 
326542 15 0.595249 169.937 4.12771 447.216 639.176 
327601 14 0.524854 35.4987 -0.0778254 472.585 329.426 
327701 14 0.503455 278.177 4.86113 406.035 637.401 
328117 14 0.57494 22.3789 3.35682 617.868 477.932 
328430 14 0.608608 365.744 -2.25988 616.891 430.671 
328430 14 0.593447 85.2573 -0.1743 622.475 430.003 
328601 14 0.76266 16.8167 -0.0684736 627.344 396.264 
328959 14 0.7213 234.869 1.89905 485.176 310.125 
329080 14 0.525803 10.8592 7.03882 459.38 633.458 
329542 15 0.507253 22.4205 0.685258 587.83 610.006 
329614 14 0.504798 -0.0461879 1.86807 201.843 499.411 
330369 14 0.595091 7.84867 2.85499 319.763 499.024 
330554 14 0.547415 8.07225 5.14606 361.959 495.617 
330818 14 0.692417 30.3024 1.01997 626.674 424.913 
331075 15 0.526601 46.952 5.49635 575.019 634.815 
331280 14 0.671418 229.07 0.984907 358.8 499.701 
331569 32 0.581145 20.1867 -0.923661 596.927 611.849 
331604 14 0.6595 45.1205 -2.49168 411.351 644.405 
331799 15 0.528229 6.0221 2.66514 434.717 636.513 
332351 19 0.521238 164.063 113.924 169.67 124.535 
332570 14 0.559435 44.6404 -0.56585 484.599 391.315 
332901 14 0.556627 11.7334 2.71212 386.293 637.837 
333402 14 0.65259 224.469 -4.75468 392.125 651.479 
333402 14 0.562877 30.9776 -1.90838 408.727 639.435 
333745 14 0.663839 28.5222 1.84784 631.673 425.822 
333956 14 0.618383 22.5767 2.18249 622.021 426.241 
334483 14 0.55449 25.9111 4.91627 612.299 477.294 
334977 14 0.527747 20.739 -2.14226 313.609 643.595 
335177 14 0.645292 267.395 -3.00161 458.72 642.333 
335177 14 0.572557 64.6598 -0.791626 458.805 641.721 
335800 15 0.601535 20.0771 12.077 393.86 628.879 
336209 14 0.519768 228.967 -9.29605 404.383 648.901 
336232 14 0.746617 101.287 -2.06579 410.309 636.861 
336628 14 0.693143 9.43918 0.0187887 629.11 427.886 
338624 71 0.54225 1.01752 1.70889 331.373 639.423 
338718 14 0.518378 13.2615 0.0774115 429.408 499.854 
339823 15 0.66402 44.0131 5.33414 562.271 476.803 
340175 14 0.740457 55.4716 1.5506 381.944 636.668 
340451 14 0.516343 9.76944 -7.32693 337.657 649.359 
341469 14 0.680401 323.091 -5.20474 623.005 452.692 
342006 15 0.607465 130.232 203.286 137.125 208.911 
342006 15 0.60397 129.624 230.79 137.046 236.354 
342006 15 0.601471 142.916 133.504 149.292 138.733 
342006 15 0.599478 130.398 183.536 136.756 188.847 
342006 15 0.59474 143.917 109.832 150.713 115.445 
342006 15 0.594603 140.99 79.9065 147.954 85.817 
342006 15 0.593691 102.568 19.2832 232.922 449.248 
342006 15 0.592532 128.371 254.649 135.799 259.966 
342006 15 0.586609 128.765 134.288 135.168 139.603 
342006 15 0.579588 127.192 280.75 134.564 285.997 
342006 15 0.579259 145.356 158.983 151.765 164.158 
342006 15 0.577928 142.287 64.9995 149.262 70.7377 
342006 15 0.577687 129.393 159.587 135.773 164.67 
342006 15 0.576381 126.356 302.226 133.425 307.224 
342006 15 0.575592 137.542 201.336 144.155 206.643 
342006 15 0.574893 142.373 180.342 148.561 185.335 
342006 15 0.573925 127.463 414.786 133.87 420.767 
342006 15 0.573308 125.184 320.637 132.245 325.718 
342006 15 0.569041 141.951 421.55 148.364 427.474 
342006 15 0.56835 122.813 374.202 130.058 379.608 
342006 15 0.5647 124.645 110.007 130.732 115.33 
342006 15 0.562925 141.115 400.533 147.385 406.461 
342006 15 0.562794 124.623 349.397 131.854 354.443 
342006 15 0.555372 139.956 348.669 145.948 354.405 
342006 15 0.555213 136.757 373.606 142.8 379.162 
342006 15 0.553245 137.483 278.97 144.211 284.104 
342006 15 0.550161 135.442 228.88 142.121 234.191 
342006 15 0.549917 129.08 85.4995 135.575 91.2696 
342006 15 0.549023 124.386 397.077 131.508 402.483 
342006 15 0.548947 172.478 58.6021 180.143 64.591 
342006 15 0.545756 134.2 253.476 140.969 258.517 
342006 15 0.545121 133.382 303.176 139.892 307.915 
342006 15 0.544119 135.105 321.043 141.21 326.094 
342006 15 0.543085 168.803 135.394 175.326 140.999 
342006 15 0.541798 167.449 84.5387 174.819 90.2773 
342006 15 0.536659 143.741 37.2942 150.661 42.5992 
342006 15 0.536551 166.256 157.169 173.304 162.506 
342006 15 0.535966 128.938 60.381 136.018 66.3447 
342006 15 0.53341 141.832 435.378 148.11 442.018 
342006 15 0.529184 129.202 36.6593 136.689 42.2366 
342006 15 0.527128 160.052 -2.91153 265.753 356.833 
342006 15 0.526648 178.639 253.203 185.655 258.742 
342006 15 0.524717 163.071 108.919 170.399 114.466 
342006 15 0.518655 174.336 40.3297 181.537 46.1378 
342006 15 0.516404 175.232 372.697 181.455 378.475 
342006 15 0.503797 166.079 180.347 173.291 185.505 
342295 14 0.614727 20.0166 0.642362 476.856 330.213 
342397 15 0.611992 72.2621 5.72559 387.6 632.607 
343076 14 0.56943 33 2.2299 626.469 478.009 
343218 14 0.708603 18.5611 -1.46559 407.8 638.47 
343524 15 0.531893 15.5603 3.63178 421.516 637.558 
343706 15 0.506199 43.1474 11.0042 445.685 630.674 
343803 14 0.711514 69.719 0.674673 614.697 423.93 
343937 15 0.524851 -0.554286 2.23124 398.371 637.97 
343976 14 0.607777 6.85556 -1.15323 359.578 501.589 
344268 14 0.529881 11.9305 0.121784 495.836 636.516 
344611 14 0.530475 82.0578 6.24939 390.897 627.374 
344621 15 0.545489 11.6193 4.42792 310.153 496.75 
344795 14 0.569343 8.09823 3.35047 357.122 636.949 
345261 14 0.653752 170.279 -0.244639 630.301 587.183 
345397 14 0.52844 4.51547 2.82094 367.239 497.132 
348012 14 0.575118 3.67181 3.7565 398.103 636.762 
348243 14 0.650714 7.05824 1.665 624.784 425.797 
349678 15 0.644294 122.765 3.42633 578.719 423.754 
349860 14 0.636751 5.39401 -2.53799 411.089 642.564 
350023 14 0.634461 31.0458 -1.16486 471.73 642.219 
350122 14 0.513386 44.653 1.60698 474.811 639.615 
350388 14 0.578163 0.991592 3.17541 599.365 478.233 
350405 71 0.571888 49.8175 1.07431 314.201 499.82 
350607 14 0.635082 2.11694 -0.946732 402.542 641.491 
351589 14 0.537733 263.846 -0.0556374 403.046 639.597 
351823 14 0.603306 24.181 3.63417 616.032 505.688 
352582 14 0.534664 110.694 -1.02174 610.816 426.629 
352584 15 0.54339 7.01819 1.06591 478.685 374.472 
352618 14 0.536381 63.6528 4.09864 417.147 637.275 
354753 14 0.645547 3.53537 1.6684 476.23 638.077 
355169 14 0.557544 1.41336 6.92568 447.372 637.754 
355257 15 0.534291 10.4162 -2.65535 402.687 637.668 
355677 15 0.509877 59.1717 12.7863 449.35 629.856 
355817 14 0.576972 204.497 -2.7693 309.408 638.294 
356094 14 0.585155 3.58395 2.31558 378.652 637.862 
356248 14 0.529288 8.29662 2.82216 615.319 476.898 
356432 14 0.554366 33.424 0.66534 400.462 637.239 
357081 14 0.530244 57.6997 5.82052 403.262 631.311 
357238 15 0.612426 151.684 160.358 158.951 167.708 
357238 15 0.600229 151.167 134.441 158.476 141.714 
357238 15 0.587837 165.855 178.533 172.268 185.06 
357238 15 0.587803 151.394 183.039 158.891 190.885 
357238 15 0.582949 169.091 198.49 175.176 205.308 
357238 15 0.58212 170.504 223.989 177.264 230.783 
357238 15 0.578617 156.43 79.0355 161.799 84.3231 
357238 15 0.577046 153.028 113.806 158.911 120.094 
357238 15 0.575717 154.695 101.955 160.079 107.035 
357238 15 0.57303 163.452 165.474 169.427 171.347 
357238 15 0.563059 137.526 -3.98343 203.575 360.387 
357238 15 0.561104 148.311 197.682 155.165 205.167 
357238 15 0.557774 158.061 78.2081 164.186 82.9398 
357238 15 0.553358 162.788 56.6282 169.499 61.4115 
357238 15 0.552815 167.659 246.47 174.495 253.038 
357238 15 0.541578 149.606 55.4323 155.073 61.3668 
357238 15 0.537739 152.74 137.289 159.269 142.682 
357238 15 0.526445 154.571 101.136 160.591 105.78 
357238 15 0.521474 147.867 240.887 154.404 248.151 
357238 15 0.519089 153.288 116.059 160.008 121.692 
357238 15 0.515252 166.344 30.3757 172.751 35.3135 
357238 15 0.510183 148.226 220.206 155.301 228.064 
357238 15 0.508393 164.351 370.33 171.297 376.49 
357742 14 0.556811 371.345 2.27593 606.819 430.206 
357816 15 0.547539 14.4776 -1.48807 425.88 500.264 
357903 14 0.554951 31.503 0.874786 598.868 475.396 
357941 14 0.685317 67.7588 0.883579 369.66 499.356 
359781 14 0.67164 307.822 13.2833 460.126 640.139 
359833 14 0.60457 112.417 0.982761 627.029 480.159 
359937 15 0.604156 5.50528 4.62067 448.416 638.461 
360137 14 0.579339 247.22 4.68094 628.666 638.065 
360943 14 0.732862 6.35389 0.600374 626.326 500.109 
360960 14 0.726189 55.5235 0.764337 634.774 426.182 
361142 14 0.536536 69.5748 -0.127001 602.552 462.304 
361180 14 0.653359 17.0723 2.65652 416.751 638.56 
361268 14 0.525124 3.06722 5.00805 455.151 637.142 
361730 14 0.535616 21.9841 -0.114784 470.515 641.066 
362520 15 0.604977 123.61 1.75047 591.183 422.96 
362682 14 0.60697 20.7073 2.70351 399.44 638.261 
362716 14 0.694062 10.0286 4.53022 398.209 638.576 
364102 14 0.637959 78.2866 1.30457 393.443 641.119 
364126 15 0.573298 42.0324 7.18836 391.618 634.677 
364297 14 0.602578 13.3428 3.0685 414.534 637.317 
364557 72 0.565749 7.72616 2.77882 401.244 638.961 
364587 14 0.500627 5.10204 0.503044 414.288 640.118 
365098 14 0.575005 64.3915 -2.91225 402.872 643.331 
365207 14 0.544598 7.37099 3.09759 571.402 637.144 
365642 14 0.603984 15.5953 1.4418 614.947 424.856 
366199 14 0.527993 5.24173 2.35415 416.015 638.174 
366225 14 0.748799 4.64254 -1.1657 615.678 542.462 
367195 14 0.680103 2.56061 -0.276953 287.222 500.692 
367386 14 0.540267 36.9803 3.81256 461.257 636.494 
367818 14 0.527895 16.468 3.86557 393.546 634.899 
368456 14 0.599723 17.0618 -3.40126 459.961 638.004 
369081 71 0.53144 138.588 5.48357 397.133 638.088 
369541 14 0.734178 23.3771 -1.85122 455.739 377.422 
369751 14 0.526533 26.7678 4.20816 607.364 422.357 
369757 14 0.513723 30.0199 -0.161953 469.647 639.494 
369771 15 0.576545 26.1362 1.13365 448.199 638.413 
370375 14 0.55807 83.1105 5.12405 583.915 422.994 
370818 14 0.573845 23.3427 1.75361 624.554 470.631 
370900 14 0.594782 12.2824 2.79293 457.918 635.368 
371042 15 0.6214 143.804 23.3527 267.518 628.661 
371042 15 0.554882 179.343 149.746 183.902 157.355 
371042 15 0.544834 180.357 460.528 184.697 469.517 
371042 15 0.543895 181.781 175.07 186.434 183.574 
371042 15 0.540618 151.417 136.303 228.467 616.665 
371042 15 0.535743 183.596 554.098 187.756 562.463 
371042 15 0.535433 180.054 532.494 184.734 539.962 
371042 15 0.527128 181.102 430.768 185.611 439.455 
371042 15 0.52284 182.602 496.45 187.077 505.192 
371042 15 0.511337 178.709 211.167 183.549 219.208 
371042 15 0.502317 178.159 237.092 183.4 245.101 
371529 14 0.513348 23.9026 1.02393 599.972 509.512 
371677 14 0.525191 10.2978 -0.74543 447.387 638.119 
372260 14 0.507381 13.6386 -0.158192 597.515 426.186 
372466 14 0.609262 1.90533 -3.99467 335.788 644.09 
372577 14 0.618555 88.4676 -0.212531 590.355 479.153 
373315 14 0.56381 16.0382 2.75461 613.493 474.377 
373382 14 0.662201 78.9366 -4.33434 606.089 484.817 
373705 14 0.739962 129.475 0.193596 411.696 641.41 
374052 14 0.578679 28.3247 -0.166931 411.257 641.045 
374083 14 0.535146 8.0431 2.5935 620.928 423.435 
374369 14 0.549125 10.9529 -1.59584 447.453 642.898 
374545 14 0.556061 51.3012 2.37492 608.824 545.285 
374551 15 0.617325 10.7045 9.43753 285.08 492.036 
375078 14 0.55438 11.1977 0.152421 621.88 479.705 
375278 14 0.589844 4.74392 1.12749 466.633 332.485 
376112 15 0.501585 122.174 12.6226 482.944 417.069 
376310 32 0.570603 8.00268 -1.30915 443.498 636.623 
376365 15 0.525507 11.1888 2.24684 362.208 497.796 
376900 14 0.679638 132.641 -3.65212 615.211 484.544 
377113 14 0.507477 1.83876 3.54557 402.732 638.23 
377497 14 0.5794 189.396 -0.94049 612.411 434.41 
377635 14 0.532226 224.972 7.65915 400.453 629.793 
377635 14 0.514003 14.2264 -3.12395 329.312 639.072 
378244 14 0.626016 193.331 1.12412 620.017 426.891 
378284 14 0.548568 3.49356 1.68695 408.097 638.684 
378605 14 0.550227 21.8055 0.0227636 618.416 422.839 
378673 14 0.548125 14.468 0.700912 402.273 638.326 
379800 14 0.614736 22.4614 3.39338 477.235 637.112 
380711 14 0.519089 25.7227 2.77011 590.853 610.116 
381587 14 0.52663 8.35987 2.48068 611.874 425.799 
382009 14 0.593314 45.6432 -4.52961 410.381 644.068 
382030 14 0.559614 5.25042 0.929803 361.799 499.574 
382743 15 0.612207 4.72528 2.60197 444.881 635.765 
383339 14 0.623926 5.37266 5.22455 423.451 635.211 
383621 14 0.711879 21.702 1.19917 421.884 640.041 
383838 32 0.505054 26.3184 -10.1373 591.501 644.902 
384670 14 0.620299 -0.944095 4.5529 438.464 638.814 
384808 14 0.744391 7.56429 1.56074 490.797 373.729 
385029 14 0.543971 60.4944 -1.14838 459.374 641.485 
386210 14 0.547507 5.44903 1.12827 621.819 477.09 
386879 14 0.709142 156.936 -1.59485 632.279 428.848 
387383 14 0.512446 9.18742 5.16354 474.709 635.674 
387387 14 0.634479 37.3491 0.708256 465.269 640.695 
388056 14 0.623697 58.7541 -0.914127 321.283 502.721 
388215 14 0.579376 237.882 4.1684 401.741 640.185 
388258 14 0.548713 10.751 -1.14086 451.084 637.411 
388846 14 0.712151 95.4933 -1.72838 409.653 638.326 
388927 14 0.563605 108.395 -0.756254 607.176 481.833 
389381 14 0.5739 9.76654 2.08864 534.14 638.052 
389451 15 0.63894 145.022 12.2307 323.807 631.113 
389566 14 0.544528 275.413 -2.68637 414.751 637.093 
391290 15 0.56375 50.4224 2.84847 288.148 628.453 
391375 14 0.539244 278.47 0.985909 435.708 644.773 
392228 14 0.673615 174.893 -3.6529 560.128 479.929 
393056 14 0.544852 129.701 0.847893 460.981 641.352 
393093 14 0.638065 146.085 -13.4721 302.066 635.027 
393093 14 0.630869 122.048 2.46546 409.013 640.244 
393093 14 0.558021 132.372 -0.409012 248.714 636.235 
393115 14 0.582281 5.33379 -0.233755 626.216 630.517 
394275 14 0.503879 261.785 -1.50429 385.258 643.215 
394510 14 0.5802 4.20135 4.9169 456.365 638.093 
394559 14 0.687188 118.76 -3.04925 600.004 429.867 
394940 14 0.527667 93.8971 2.66883 590.221 424.644 
395633 15 0.598843 3.09422 22.7533 200.614 627.954 
395633 15 0.561413 21.3724 45.0633 117.283 583.297 
395701 14 0.546912 84.6818 -1.1375 466.53 642.935 
396338 14 0.550919 45.7664 -0.060463 413.135 641.976 
396903 14 0.588729 249.403 1.65281 413.965 636.16 
396903 14 0.549261 1.63344 3.89303 411.317 638.005 
397133 14 0.559075 124.345 0.377121 394.923 642.275 
397279 15 0.616401 1.14115 8.15863 394.176 629.075 
398438 14 0.541463 8.39153 2.59322 311.77 498.287 
398742 14 0.50692 11.3842 1.10468 621.697 426.499 
399655 14 0.521598 8.66577 3.74812 357.122 496.837 
400044 14 0.670473 231.587 2.07998 615.799 483.112 
401244 14 0.641809 59.5127 1.5708 606.072 423.487 
401862 14 0.572297 254 -7.24422 465.568 643.815 
401862 14 0.547502 67.0242 -0.474777 464.469 641.274 
402096 14 0.52164 129.096 -2.69608 603.155 475.512 
402334 15 0.559038 39.187 7.78599 607.167 419.65 
402433 14 0.557052 5.72548 2.34707 414.414 637.806 
402765 14 0.748545 3.12616 1.7423 371.433 498.361 
403122 15 0.518175 132.784 1.27531 455.859 425.458 
404128 15 0.545283 69.5222 3.00901 417.032 635.521 
404191 14 0.635535 13.9813 1.22493 493.341 372.808 
404601 15 0.599639 70.4401 6.17638 572.838 474.447 
404805 15 0.674938 58.6788 3.40694 394.146 633.444 
404922 14 0.63662 23.9368 1.20166 489.579 367.604 
405205 14 0.566504 12.5061 3.21517 390.272 548.626 
405279 15 0.598701 64.9048 8.50332 434.044 633.144 
405970 14 0.553495 5.35585 0.72052 415.942 636.534 
406129 14 0.726716 186.163 0.131483 628.185 428.865 
406611 71 0.553201 105.003 7.09986 452.654 635.008 
407518 14 0.547285 50.3083 0.26577 400.142 639.817 
407646 15 0.608448 25.6786 4.82699 374.063 497.257 
407825 14 0.682488 4.65906 1.50422 491.984 497.56 
408774 14 0.657239 91.4906 -7.48064 300.096 502.196 
409211 14 0.73958 42.5911 -6.24336 401.442 647.706 
409358 14 0.574002 2.47985 1.89425 607.456 609.451 
409867 14 0.61387 20.872 0.430992 616.706 427.834 
410221 15 0.519675 10.7621 6.72229 568.26 617.542 
410510 14 0.699919 58.3318 -5.91743 425.543 647.093 
410650 14 0.736817 168.502 -5.03078 465.003 645.971 
410712 32 0.513625 11.7658 0.217609 406.926 635.754 
410878 15 0.579134 39.0609 7.83667 400.807 633.847 
412240 14 0.641274 53.0671 1.74032 367.067 494.961 
412286 14 0.650345 92.9514 -3.05609 479.555 336.754 
412531 14 0.515233 258.299 3.60758 420.173 636.651 
412894 14 0.581604 69.1872 -0.646918 625.646 428.382 
413247 14 0.573181 10.1124 4.17816 418.922 636.108 
413552 14 0.536207 5.64995 1.86596 633.311 423.934 
414034 14 0.501599 2.14547 4.53083 450.227 638.775 
414340 14 0.516543 20.6535 1.03079 619.973 426.203 
414385 14 0.622539 101.895 -5.31033 455.475 646.259 
414510 14 0.529531 14.5462 -0.919747 612.664 478.186 
414638 14 0.548286 6.92029 1.62973 568.678 611.013 
414673 15 0.581728 23.2648 9.52642 290.6 491.092 
415536 14 0.713891 279.86 6.75438 455.16 643.503 
415727 14 0.514697 268.612 -4.89922 464.645 643.57 
416343 14 0.613393 161.466 1.3008 616.792 419.297 
416451 14 0.596862 3.42699 1.67603 461.381 638.83 
416534 15 0.520664 10.8677 12.5292 332.455 631.104 
416758 14 0.528356 29.4819 4.47237 459.214 636.874 
417043 14 0.544219 217.898 -6.42029 454.082 633.816 
417085 14 0.528797 186.864 -4.4492 346.101 641.949 
417249 14 0.570637 6.46263 2.45225 628.847 477.8 
417779 14 0.552287 129.579 7.86015 428.993 632.996 
419096 14 0.629889 95.5117 -0.179618 583.701 609.408 
419201 19 0.543723 119.654 205.359 124.587 217.29 
419201 19 0.534271 119.39 170.908 124.391 182.257 
419201 19 0.529325 132.492 371.162 136.685 380.002 
419201 19 0.519942 117.142 332.672 120.773 340.818 
419201 19 0.515671 131.213 419.485 135.985 429.592 
419201 19 0.513932 118.733 371.367 122.254 380.378 
419201 19 0.510849 119.042 242.118 123.654 252.336 
419201 19 0.504622 118.974 406.382 122.749 415.77 
419201 19 0.502004 119.216 139.767 123.588 148.894 
419201 19 0.501788 131.178 408.457 135.985 417.744 
419408 15 0.607947 15.487 5.17193 363.043 635.626 
419974 14 0.584469 59.7927 1.32816 615.209 425.919 
420281 14 0.658024 4.75185 0.180502 612.301 480.174 
421757 15 0.560498 118.467 562.244 122.893 569.346 
421757 15 0.555896 95.2327 8.46725 202.325 625.992 
421757 15 0.542951 119.614 530.167 124.821 539.295 
421757 15 0.530195 129.393 556.396 133.739 564.299 
421923 14 0.651887 31.5804 0.774888 624.031 425.902 
421923 14 0.597981 306.203 -1.59775 617.155 426.872 
423104 15 0.564778 271.698 9.69543 399.959 419.888 
423519 14 0.567189 5.13683 -0.797566 607.949 460.962 
423617 14 0.522316 49.6009 4.26937 462.398 637.197 
423798 14 0.528424 215.623 -0.104198 312.628 639.92 
423944 14 0.639169 156.995 -0.735264 620.705 449.718 
424551 15 0.550646 51.3934 5.35027 453.054 635.247 
425227 15 0.53902 28.1423 3.15728 473.237 426.786 
425227 15 0.513238 103.488 292.843 108.916 297.083 
425227 15 0.509879 68.5823 33.475 73.7191 37.8959 
425227 15 0.500879 64.8172 59.0918 69.4945 64.4385 
425390 14 0.547836 5.78806 0.375107 369.737 499.445 
425906 14 0.666012 71.0857 5.33957 626.577 460.401 
425906 14 0.538979 390.186 2.66411 619.565 459.249 
425925 15 0.555739 10.5234 3.12586 435.611 634.945 
426253 14 0.747946 50.2808 -0.779419 424.455 641.619 
427077 14 0.7196 6.60838 0.0555453 493.853 343.977 
427256 14 0.562318 19.5044 1.09451 507.622 639.101 
428111 15 0.544126 2.09115 3.2379 400.619 636.132 
428867 14 0.572914 33.278 -0.69645 326.603 501.326 
429011 14 0.532177 19.8074 -1.71486 325.961 642.794 
429109 14 0.680458 50.3114 -0.143394 420.186 637.055 
429623 14 0.507947 48.5123 5.91732 441.116 633.729 
429690 15 0.528871 42.0375 1.71793 388.964 632.876 
430056 14 0.671972 13.3052 2.03519 368.776 498.378 
430961 14 0.59549 9.7853 -0.160691 304.493 450.746 
431545 15 0.617432 13.531 1.1486 322.282 495.892 
431693 14 0.586996 2.41361 3.07985 402.382 638.401 
431848 14 0.764538 47.0002 -2.01518 609.861 377.79 
432898 71 0.561444 12.5405 3.39918 428.482 500.044 
433374 15 0.611603 93.42 90.2383 300.477 580.908 
433515 15 0.505295 101.729 2.0878 302.37 634.399 
433774 14 0.595967 137.356 -0.178604 377.823 635.997 
434297 14 0.605509 3.37532 2.31432 463.375 639.023 
434548 15 0.525228 33.7502 -1.61037 451.224 639.769 
435205 14 0.536417 2.74656 1.07017 327.631 498.767 
435206 15 0.575238 94.6974 10.1784 410.08 630.724 
435208 14 0.587263 83.3212 -0.0268078 617.529 481.577 
435299 14 0.681621 40.2166 3.80194 459.945 637.13 
436315 14 0.535701 397.583 -1.42823 613.95 480.277 
436551 14 0.626154 2.05999 -1.92915 425.564 638.664 
436738 14 0.66011 113.901 -3.11613 465.741 503.805 
437110 14 0.501128 58.6091 2.03472 602.69 475.152 
437392 14 0.527606 9.45427 2.10291 616.743 475.425 
438304 14 0.639219 44.2092 -2.09935 620.534 467.114 
438876 15 0.538709 28.252 11.2461 318.387 481.289 
438907 14 0.653789 14.2124 -1.01622 631.697 458.273 
439522 14 0.691917 3.49251 -2.28204 605.137 430.66 
440507 14 0.563478 32.9075 0.368774 370.977 499.657 
441247 15 0.577882 52.2399 7.52388 399.563 631.913 
441442 14 0.534856 113.593 -5.02777 366.181 603.587 
441543 15 0.537954 45.96 3.17276 379.269 636.923 
441553 14 0.651033 7.01627 -0.779037 475.58 640.255 
441586 15 0.537154 11.624 5.0647 393.743 635.228 
442456 15 0.564173 36.5185 8.33357 339.455 635.027 
442463 72 0.651073 3.088 2.9943 611.911 478.395 
442480 31 0.540019 125.706 5.48193 398.171 632.419 
442661 14 0.578864 3.17422 0.988846 448.649 639.551 
443426 14 0.589785 9.82637 -0.5369 613.264 480.915 
444142 14 0.712607 165.563 -3.37803 616.014 427.348 
445999 14 0.703866 7.04216 2.11126 632.542 408.756 
446206 14 0.608106 50.5839 -2.49146 366.582 643.203 
446207 14 0.616114 250.157 2.37659 468.087 640.661 
446207 14 0.579176 12.8346 4.06466 473.837 636.404 
446522 14 0.553488 2.88544 1.31875 619.901 479.323 
447187 15 0.647268 51.5593 3.85983 449.708 634.683 
447314 15 0.548862 5.63724 8.45976 429.221 633.084 
447611 14 0.512846 1.15629 4.4214 312.747 498.113 
447789 14 0.532905 88.4586 -4.84135 402.9 646.289 
449432 71 0.614337 80.367 1.80592 401.786 640.048 
449579 32 0.515057 30.7523 4.45597 392.878 636.963 
450100 14 0.636692 2.47892 1.36253 614.14 479.544 
450202 14 0.533327 47.7229 0.604279 490.22 374.59 
450303 14 0.654208 2.88368 -3.55614 455.199 643.62 
450439 15 0.695085 17.646 2.25839 215.125 494.237 
450686 14 0.563791 81.6791 -3.3671 586.642 514.91 
451144 14 0.726363 152.353 -1.17218 470.053 642.745 
451308 14 0.569351 5.32421 1.21667 632.873 439.513 
452084 14 0.623172 6.93632 2.3885 629.011 638.042 
452122 14 0.524094 16.1329 -3.62001 407.643 639.723 
452321 14 0.712185 86.3655 -2.53544 460.223 640.114 
452784 14 0.714129 60.5114 1.2197 610.728 476.987 
453584 14 0.570458 44.0172 -0.440407 351.262 635.926 
453634 14 0.578131 358.521 3.19937 608.652 481.748 
453722 14 0.589612 11.1566 -1.90735 411.875 642.883 
453841 72 0.694841 -1.06983 -5.22123 325.418 500.65 
454404 14 0.636684 143.358 -0.479164 508.407 641.268 
454661 14 0.551427 2.53155 -0.992813 413.898 640.85 
455157 15 0.530568 51.0367 12.7999 498.689 632.503 
455352 14 0.597741 2.34062 -1.59794 505.36 642.25 
455448 14 0.62317 25.3104 -0.694839 590.718 479.57 
455597 14 0.535026 6.34566 4.04722 428.756 636.405 
455624 14 0.524886 46.4248 -2.57187 401.901 644.218 
455981 14 0.509788 3.86612 0.873513 613.526 478.258 
456015 14 0.516757 31.4093 -1.40526 387.311 643.16 
456292 14 0.664045 20.1247 -0.278578 620.246 480.841 
456303 14 0.611226 305.837 0.761755 484.343 320.536 
456865 14 0.608869 215.858 0.716286 408.722 643.946 
456865 14 0.587855 17.9282 1.13935 410.771 632.103 
457262 14 0.50233 5.80203 4.87268 578.829 608.019 
457559 14 0.543389 57.5822 -0.759239 395.53 634.431 
458109 14 0.571018 56.2655 -1.62058 457.496 640.046 
458223 15 0.572793 37.3166 6.08782 314.547 633.961 
458255 14 0.529272 18.609 5.84227 403.039 635.434 
458663 15 0.553902 109.923 6.58236 393.396 635.752 
458702 14 0.666208 32.5847 1.54557 597.124 425.943 
458768 14 0.546093 3.46028 0.195179 412.205 638.189 
458790 14 0.516503 23.5044 -0.350088 357.493 501.854 
459500 14 0.7005 278.047 -0.196248 489.492 376.294 
459809 14 0.592062 24.6115 2.58657 421.7 638.17 
460683 14 0.506483 18.8215 1.77793 624.031 477.42 
462576 14 0.515438 35.1368 1.33669 462.674 636.181 
462643 32 0.527956 2.65308 0.809635 622.215 424.397 
463037 14 0.65489 29.0574 2.93285 424.877 638.783 
463174 14 0.561687 11.3306 2.83525 412.654 638.206 
463618 15 0.536947 51.116 20.6654 385.431 623.562 
463842 15 0.623172 80.2232 3.40351 444.997 637.388 
464089 14 0.602592 117.823 -3.70956 460.587 646.122 
464144 14 0.638207 125.184 -3.88146 617.579 431.053 
464476 14 0.623996 27.0574 1.46993 357.472 497.324 
465179 14 0.639133 171.773 -2.0737 486.953 377.455 
465549 15 0.524372 2.7457 8.53151 410.639 628.031 
465675 71 0.518444 0.145253 4.52309 353.688 636.238 
466256 15 0.607982 5.56144 8.11337 397.731 633.694 
466416 14 0.616818 39.7558 -0.0735474 417.995 640.135 
466567 14 0.685882 94.0836 -1.95502 612.748 482.823 
466602 14 0.663082 5.9849 1.71196 629.106 478.018 
467315 14 0.535475 3.82468 4.38576 411.069 632.887 
467511 15 0.51916 36.6533 2.32266 604.384 413.639 
467848 14 0.630115 51.8121 1.89692 469.651 635.747 
468233 14 0.622391 0.691731 0.198412 391.019 596.762 
468245 14 0.516887 13.8337 1.62212 415.985 638.293 
468577 14 0.608281 9.43698 1.21616 590.045 611.165 
469174 14 0.552758 13.0188 -1.89371 423.451 637.455 
469652 14 0.56633 4.70702 4.07072 434.693 635.86 
469828 71 0.539144 27.7087 2.79493 456.826 637.714 
471567 15 0.529163 103.512 13.8041 367.24 626.661 
471756 14 0.569167 38.9858 8.23854 413.232 635.324 
471789 14 0.522628 11.2352 2.5279 471.395 638.118 
471869 15 0.665386 36.4108 4.44705 462.208 409.799 
472678 14 0.746529 109.388 -1.24432 471.554 640.434 
473118 14 0.667748 73.2869 1.04585 473.655 345.348 
473121 15 0.542433 17.3822 -2.75832 310.41 498.12 
473237 14 0.593276 3.1044 1.92747 409.679 638.696 
473821 14 0.683379 2.22701 -0.608906 325.86 500.419 
473869 14 0.504508 77.6028 -0.0752258 401.386 641.717 
474028 15 0.52596 96.518 10.678 411.974 631.196 
474039 32 0.551566 3.08736 1.57677 393.66 638.154 
474078 14 0.567055 227.973 -1.01635 464.548 634.889 
474095 14 0.617286 3.19895 1.94655 466.679 331.921 
474854 14 0.533554 117.825 0.167278 617.152 425.004 
474881 15 0.603126 32.2276 16.4925 427.642 630.117 
475064 14 0.62524 16.5691 0.784969 413.613 639.741 
475191 14 0.662924 1.43908 2.61189 454.346 639.547 
475572 14 0.532367 4.38579 0.164661 420.993 639.851 
475732 64 0.537968 7.90338 -5.65374 457.25 641.67 
476258 15 0.564467 10.1654 1.65258 355.927 636.935 
476491 14 0.621963 3.85992 -1.33836 476.575 337.25 
476514 15 0.519765 8.34019 2.04265 604.524 423.489 
476704 15 0.519556 18.6259 4.98129 404.932 634.277 
476770 14 0.64788 67.0395 3.24476 408.724 634.127 
476787 15 0.577178 38.9221 7.05105 437.02 628.165 
476810 14 0.610505 125.89 3.54845 368.808 627.904 
477441 14 0.501898 83.1183 -0.257988 453.905 640.524 
477623 15 0.524769 56.2032 9.28152 453.005 631.865 
478286 14 0.75298 158.42 1.65154 461.14 640.93 
478420 14 0.549389 26.4813 1.84432 602.946 478.413 
478862 14 0.626144 13.0464 -2.4353 463.179 643.018 
481159 14 0.679643 81.101 -1.07485 451.433 640.399 
481480 14 0.727773 147.557 -1.69159 438.048 643.085 
481567 15 0.511425 144.299 13.7344 363.27 628.92 
482436 14 0.64206 3.90277 -0.793877 386.089 640.795 
482477 15 0.613039 42.1813 2.96231 596.219 488.826 
482917 14 0.598015 3.93707 1.94058 359.537 498.622 
483050 14 0.518002 25.7515 2.15479 466.901 639.287 
485027 14 0.570339 174.348 0.173509 621.73 337.798 
485027 14 0.516697 350.246 -3.5863 626.596 338.986 
485130 14 0.556417 8.51714 3.05964 449.857 638.474 
485480 14 0.60822 41.6085 1.1805 275.3 640.979 
485802 14 0.619215 32.5643 -0.781299 590.17 427.706 
485844 71 0.501403 2.07796 3.51691 375.325 567.445 
485972 14 0.674102 30.7372 1.08984 615.568 425.287 
486104 14 0.593798 98.4392 -4.40267 360.636 505.228 
487583 14 0.613115 13.2401 -1.26701 615.502 424.341 
488075 14 0.535252 6.42589 3.70087 464.514 635.462 
488166 14 0.530622 24.1495 0.762465 628.317 360.432 
488385 15 0.639435 22.837 5.66641 593.28 477.807 
488592 14 0.506329 437.877 2.13724 620.444 479.404 
488664 14 0.596174 265.843 0.402882 470.054 629.826 
488664 14 0.507547 20.3474 1.8559 475.212 627.824 
488673 14 0.565244 3.42831 0.524554 626.203 480.059 
489014 14 0.569083 65.1174 -1.30096 457.243 642.092 
489611 14 0.534061 18.0791 2.66109 601.57 636.553 
489764 14 0.594287 4.66608 2.19332 525.747 638.003 
489924 14 0.644847 8.86976 3.75421 578.277 607.943 
490125 14 0.533974 1.63708 2.72666 314.176 499.018 
490515 14 0.563817 6.43188 1.2879 403.587 638.084 
491071 14 0.710968 14.7766 -1.55552 612.005 416.02 
491090 15 0.517635 28.6412 3.85852 606.403 474.147 
491130 15 0.567856 110.307 4.05156 601.094 437.308 
491216 14 0.543561 5.67024 0.672626 620.7 480.235 
491470 14 0.516894 17.2004 5.0545 459.317 367.397 
491757 14 0.669465 4.11232 0.36665 457.233 639.636 
491867 15 0.532928 30.5389 4.66463 595.811 476.134 
492077 15 0.560943 20.9208 7.44415 453.532 633.308 
492110 14 0.630912 114.377 2.61784 405.379 645.647 
492758 14 0.570395 10.6033 2.22376 414.366 638.575 
492878 15 0.602203 35.4952 9.5768 594.836 637.164 
492968 15 0.618078 21.851 2.16892 396.713 639.066 
493286 14 0.540071 42.8435 -2.33074 341.439 640.184 
493334 14 0.72309 33.3984 4.96796 301.156 497.604 
493566 14 0.724218 55.5488 -7.14041 206.656 645.515 
493772 32 0.585887 2.31646 -6.12705 621.903 643.084 
493905 14 0.697038 86.5542 3.45184 604.863 566.001 
494759 14 0.584978 7.08725 -1.86768 457.068 642.418 
494863 14 0.510117 46.8098 4.71552 431.956 632.784 
495448 14 0.622846 30.1501 0.0880623 616.559 480.913 
496571 14 0.529287 -1.25111 2.39796 618.444 424.75 
496954 15 0.536942 6.26163 8.47858 455.255 635.553 
497867 14 0.526143 141.135 1.57618 284.81 637.015 
498709 14 0.650425 220.698 -2.15855 417.452 645.159 
498807 15 0.508492 26.2774 5.7634 405.301 634.162 
499031 15 0.581616 11.3327 6.98895 574.448 420.34 
499266 14 0.725581 94.7944 1.9198 472.977 639.025 
499622 15 0.633864 110.213 4.48084 384.839 406.903 
499775 14 0.588207 17.3001 0.516663 445.178 636.567 
500049 14 0.648043 60.136 -5.6543 400.78 636.938 
500257 15 0.502238 114.499 6.55669 259.727 491.274 
500270 72 0.545706 35.1898 -1.52401 397.615 636.719 
500423 14 0.723779 40.105 -1.97367 414.208 637.886 
500478 14 0.74171 28.1259 -0.100824 605.087 327.511 
500613 15 0.562832 66.518 6.38866 408.386 634.989 
501243 14 0.531854 6.62141 -4.13708 324.874 646.471 
501368 15 0.58845 5.46913 2.14764 461.973 373.761 
502136 14 0.505058 4.21831 2.48066 406.797 498.486 
502168 15 0.670813 66.7019 558.685 70.9068 566.378 
502168 15 0.652213 65.7215 591.733 70.2708 598.83 
502168 15 0.640031 71.8736 434.771 76.6925 442.677 
502168 15 0.638187 67.7411 559.227 72.1788 565.895 
502168 15 0.635399 66.9309 520.064 71.4492 527.534 
502168 15 0.634274 68.2416 504.694 72.9407 511.839 
502168 15 0.632313 71.6362 361.263 76.7576 369.176 
502168 15 0.630885 72.5209 392.596 77.072 400.659 
502168 15 0.62665 68.437 468.614 73.1064 475.393 
502168 15 0.624797 68.5666 518.801 73.7119 525.909 
502168 15 0.621597 68.1783 594.286 72.8673 601.117 
502168 15 0.620596 69.25 435.301 73.9573 442.438 
502168 15 0.61784 70.7079 468.415 75.5393 475.573 
502168 15 0.615809 69.7887 499.731 74.9 506.76 
502168 15 0.605405 69.8517 395.689 74.3309 403.033 
502168 15 0.598094 71.8998 346.176 76.5792 354.217 
502168 15 0.595076 70.9304 371.559 75.4125 378.602 
502168 15 0.589545 72.1744 305.755 77.0151 315.161 
502168 15 0.573256 72.8662 268.464 78.2871 281.784 
502168 15 0.569458 63.7263 37.5895 68.3977 44.8038 
502168 15 0.560821 60.7701 75.5232 65.0747 83.5965 
502168 15 0.558839 62.4259 624.306 69.3731 630.959 
502168 15 0.555048 48.2077 37.3301 108.559 622.205 
502168 15 0.548833 71.4612 308.544 76.3843 316.97 
502168 15 0.513378 74.542 39.9451 79.3401 47.0191 
502168 15 0.506806 71.4146 272.502 76.3972 283.127 
502336 14 0.509551 16.4716 2.21102 394.454 637.156 
502599 14 0.641892 67.8884 -1.43759 400.752 639.914 
502732 14 0.660542 3.29817 0.257664 626.932 480.297 
503855 15 0.525593 44.3854 4.87003 332.193 636.23 
505451 14 0.612007 87.1307 1.48475 259.487 443.958 
506279 71 0.502782 0.0272179 -0.0255203 555.088 641.144 
506656 14 0.554267 9.55185 0.736847 452.557 639.068 
507015 15 0.501076 106.117 20.5906 345.333 617.943 
507223 14 0.515075 88.4076 -2.99194 608.095 483.703 
507975 14 0.670552 130.551 -1.9162 463.629 639.339 
508312 14 0.582494 4.30003 2.59776 324.01 497.58 
508482 14 0.551849 31.6811 2.23063 594.876 475.558 
509008 14 0.530189 62.8887 2.23082 415.81 638.651 
509699 71 0.623553 0.675019 3.47042 408.575 638.229 
509824 14 0.678877 55.6378 -2.22744 625.384 643.787 
511321 14 0.536079 56.7566 -0.225434 594.439 424.649 
511453 14 0.518917 13.7329 7.44896 272.979 610.861 
511647 15 0.509223 19.7421 14.5327 449.825 620.207 
512194 6 0.535698 -0.959847 -0.906849 464.59 634.717 
512248 14 0.594334 115.166 1.78306 613.356 474.66 
512330 14 0.618577 101.012 0.296828 622.326 427.176 
513041 14 0.644687 3.14601 -0.199432 460.49 640.637 
513181 14 0.512634 49.1785 6.44518 381.342 635 
513580 14 0.645706 104.312 -6.83498 460.806 647.643 
514508 14 0.624802 91.3048 5.42879 465.53 636.951 
514797 15 0.532209 6.47177 3.29865 410.941 635.415 
515350 14 0.653695 30.7126 1.93489 420.509 639.448 
515445 14 0.697924 3.66334 -3.77331 448.837 644.318 
515577 71 0.566096 19.181 3.71484 306.688 493.368 
516143 14 0.57543 115.315 -9.40289 448.533 647.464 
516143 14 0.566709 232.817 0.898056 413.076 637.3 
516173 14 0.706053 125.526 -1.0026 589.076 405.031 
516871 14 0.667178 8.87233 2.16661 398.655 638.89 
517523 14 0.561443 8.06525 -0.365276 413.323 638.787 
517832 14 0.519868 125.007 -2.89858 588.55 639.532 
518326 14 0.734044 120.716 -7.88994 458.709 640.353 
519039 14 0.612332 165.354 -0.123215 283.008 645.695 
519491 15 0.518462 187.199 11.8062 469.157 474.879 
520077 14 0.61003 11.6834 -1.14799 415.414 641.651 
520301 14 0.680517 55.0192 0.172434 629.578 480.953 
520531 14 0.500697 6.01491 3.869 456.898 637.656 
520871 14 0.532993 30.8869 2.00788 400.515 637.713 
521141 14 0.501266 18.188 0.364456 481.345 375.327 
521601 14 0.520785 210.043 1.58508 471.954 633.038 
522156 14 0.508196 10.6491 3.20078 415.099 636.97 
522393 15 0.607582 1.65502 16.7297 240.993 634.913 
522393 15 0.550135 41.7914 551.798 47.8314 559.518 
522393 15 0.535976 43.9022 238.532 50.0674 245.913 
522393 15 0.533864 43.7726 536.077 50.14 543.467 
522393 15 0.529005 44.7801 308.355 50.7331 315.801 
522393 15 0.515204 42.8424 270.633 49.05 277.898 
522393 15 0.506201 32.7983 0.657845 579.274 631.886 
522393 15 0.504463 46.8193 75.8611 52.9932 84.1101 
522751 15 0.594082 2.44259 12.4883 133.747 637.867 
522889 15 0.558266 12.0154 0.218871 610.868 423.06 
523033 0 0.524237 147.151 363.127 153.488 370.588 
523100 14 0.66931 3.08945 -0.688763 613.865 479.752 
523194 15 0.574343 9.71533 -0.0777245 397.091 636.937 
523229 14 0.684463 6.17617 1.02161 626.587 478.84 
523241 14 0.507457 6.13841 -0.214919 327.234 499.557 
523811 14 0.64999 97.2455 0.358429 465.676 642.389 
524850 15 0.51831 24.3312 2.10668 305.228 497.327 
525286 15 0.558546 60.2945 15.7215 549.419 622.197 
525322 14 0.663404 113.672 -3.11172 402.693 644.164 
527427 15 0.551236 46.9454 9.53196 435.866 624.438 
527528 15 0.596034 190.842 4.14619 344.527 636.987 
527528 15 0.587591 115.859 1.7831 395.822 636.323 
527616 14 0.522482 38.001 1.18992 482.314 639.213 
528314 14 0.652171 98.5273 0.437694 598.763 422.215 
528705 14 0.681318 131.725 -1.58195 613.836 424.267 
529568 15 0.608772 21.7776 1.06809 602.052 479.062 
530099 14 0.704997 140.732 0.423759 366.353 501.604 
530624 14 0.563819 5.38346 4.30809 461.626 635.952 
530820 14 0.708279 66.0381 -2.03663 420.112 644.154 
530836 15 0.605832 38.1249 5.61586 427.277 636.237 
531036 14 0.571723 8.96276 3.45356 600.086 478.498 
531134 14 0.566847 280.583 4.62488 459.8 635.567 
531134 14 0.531723 68.0543 -2.8405 463.779 643.514 
531495 15 0.644064 91.2663 5.51689 407.978 635.835 
531707 14 0.730098 166.686 5.10778 465.871 637.702 
531771 14 0.643901 11.7958 -0.302738 618.289 424.721 
532481 15 0.681165 42.1793 8.05937 219.443 598.298 
532901 14 0.533037 208.447 6.32225 315.984 595.624 
533206 14 0.650355 2.54054 -0.264893 421.151 640.083 
533958 14 0.652814 14.5648 1.64806 625.492 638.991 
534270 14 0.691778 78.8706 -1.99961 409.978 520.782 
535306 14 0.506655 6.69583 5.74617 319.668 495.783 
535608 15 0.511986 160.31 110.043 164.513 115.84 
535608 15 0.51158 130.281 9.9127 242.494 483.794 
536038 14 0.645105 12.0701 1.92367 627.182 356.235 
537153 14 0.728348 160.508 0.324516 384.305 642.491 
538067 14 0.557376 138.592 -0.503212 361.115 502.63 
538364 15 0.569178 58.3504 11.3023 432.728 626.841 
539143 14 0.67478 133.784 -10.74 416.452 639.725 
539962 14 0.639059 290.384 -4.06536 452.241 645.064 
540280 14 0.563485 2.34226 1.12264 624.493 426.689 
540502 14 0.559328 89.135 -2.20913 416.99 643.446 
540502 14 0.540233 242.541 1.26335 416.912 646.36 
541055 14 0.526541 45.5118 1.41289 349.743 640.618 
541123 14 0.763196 70.5907 0.322819 394.832 637.045 
541952 14 0.528682 184.589 -0.618525 620.882 481.601 
542625 14 0.617427 38.4095 0.0388718 471.331 641.379 
543043 14 0.564365 117.394 -3.67939 461.26 645.515 
544306 15 0.651416 12.5653 5.3147 569.571 607.719 
544444 14 0.633536 178.682 1.14425 621.75 427.083 
544565 14 0.573459 72.1378 2.68408 616.703 631.383 
544605 15 0.608521 12.0079 2.45777 359.459 496.05 
545407 72 0.607423 6.20363 4.54229 398.993 637.532 
546556 14 0.51275 1.0698 -2.53685 277.873 643.253 
547144 14 0.5822 60.1232 -2.60735 459.204 639.083 
547383 15 0.50646 27.2412 19.9623 342.828 616.893 
547519 14 0.53039 7.09751 3.25991 412.775 638.515 
547886 14 0.552158 46.4438 -2.12547 398.567 642.868 
548246 14 0.511036 241.421 13.7222 382.14 624.021 
548339 14 0.633836 71.9253 -5.28133 549.919 646.612 
548524 14 0.509262 76.0885 3.39451 416.685 638.828 
548780 14 0.576457 27.184 -5.75554 405.335 641.415 
549055 14 0.572505 49.0919 0.0347137 299.254 638.868 
549167 14 0.790566 193.813 2.45477 611.809 425.502 
549674 15 0.57171 14.2233 2.05515 451.58 633.489 
549738 14 0.523165 51.1596 -0.0858498 404.085 638.898 
550084 14 0.613735 182.79 2.38919 326.253 503.513 
550084 14 0.506136 90.2348 -4.99172 346.308 504.478 
550349 14 0.526792 5.65544 0.678477 608.561 479.624 
550426 14 0.660346 30.7576 1.54787 629.096 415.417 
550471 14 0.506822 2.8482 -0.0222397 408.635 640.303 
550691 14 0.578004 3.28348 1.41186 470.584 638.667 
550691 14 0.535902 199.794 3.04831 468.658 637.308 
550797 14 0.699354 48.8882 -1.16545 628.328 361.096 
550939 15 0.703651 76.142 4.16069 569.801 414.682 
551304 14 0.575634 41.3486 1.87072 612.432 477.214 
551439 14 0.585373 16.7501 -2.4164 617.99 427.268 
551660 14 0.709904 81.3159 2.80243 623.955 420.303 
551815 14 0.626332 17.1944 2.201 455.713 638.484 
552775 14 0.699818 50.8058 1.22281 496.718 374.961 
552842 15 0.525182 144.194 10.7535 363.696 630.071 
552883 14 0.681365 50.8063 1.82043 423.681 640.159 
552902 14 0.552231 10.2495 3.82568 407.352 637.67 
553221 15 0.530842 26.2223 5.61718 194.583 639.227 
553339 14 0.532326 22.3673 2.17418 366.281 497.408 
553664 14 0.562439 40.4297 -0.333424 398.438 636.994 
553776 14 0.590729 28.8924 -0.0695419 471.738 641.621 
555050 14 0.589999 45.4222 4.15109 297.013 496.902 
555705 14 0.510274 20.5501 5.52248 347 634.417 
556158 14 0.593726 159.375 1.28304 604.372 473.93 
556193 14 0.53364 25.9268 1.7108 320.629 498.501 
557501 14 0.574483 260.988 -3.68881 466.683 637.288 
558073 14 0.529694 12.5252 4.022 367.76 496.397 
558213 14 0.684944 173.775 -3.80787 424.718 646.797 
558421 14 0.506966 46.9049 7.02484 399.805 634.328 
558558 14 0.53464 19.5466 -4.05384 463.835 638.968 
559160 14 0.697391 52.589 -1.92851 617.205 426.745 
559348 14 0.52798 44.5497 3.5638 446.95 637.499 
559543 14 0.54294 53.2224 -2.77433 316.127 502.618 
559543 14 0.53417 156.078 -0.910431 326.355 501.663 
560011 14 0.731669 12.8045 2.40607 495.008 329.829 
560178 14 0.622677 8.73828 2.73418 463.107 638.374 
560474 14 0.575889 98.8954 -2.93255 449.713 644.093 
560880 15 0.51839 14.6205 11.984 431.901 626.406 
560880 15 0.502022 1.19043 12.7467 210.668 627.096 
562059 14 0.539789 7.12004 3.06052 614.703 425.695 
562121 15 0.513747 93.135 10.4785 417.311 622.533 
562207 14 0.616508 77.1196 -1.4724 408.738 642.695 
562443 15 0.669331 53.77 4.75021 442.243 634.107 
562843 15 0.501142 2.72284 2.73556 355.654 495.892 
563349 14 0.586112 26.1044 2.29045 621.928 425.303 
563648 15 0.532095 107.893 6.41517 597.252 465.074 
563653 15 0.559249 3.2667 0.00211716 404.825 638.458 
564091 14 0.620869 2.62054 2.90669 605.803 426.361 
564127 14 0.75033 166.8 4.23378 617.181 425.482 
565153 14 0.510696 130.799 0.404364 480.783 379.546 
565391 14 0.657192 56.8912 1.50604 613.51 478.81 
565776 15 0.628172 4.94251 5.07826 392.593 638.085 
565778 14 0.647665 130.144 2.47095 384.926 638.818 
565853 14 0.502963 5.01511 1.66458 360.59 497.65 
565877 14 0.742534 157.661 -0.78158 630.554 428.971 
565989 14 0.514214 38.3248 0.462885 611.527 479.963 
566282 71 0.54701 1.19141 6.24323 396.38 631.306 
566758 14 0.690568 75.2966 1.6486 454.101 634.671 
567197 14 0.584877 13.5404 -0.945091 388.623 501.647 
567432 72 0.560921 0.461056 4.33748 401.422 637.88 
567640 14 0.64173 20.5893 -0.32402 411.76 641.561 
567825 14 0.664635 33.5233 -1.19392 601.219 428.699 
567898 15 0.53121 66.2352 22.1064 413.605 621.875 
568195 14 0.566653 46.2889 2.47393 625.418 425.14 
568290 14 0.569896 36.3022 -0.266571 409.439 641.312 
568690 14 0.569914 16.7188 0.716271 623.093 480.011 
569030 14 0.682904 102.587 -1.90201 355.523 502.96 
569565 71 0.51782 24.3034 2.87268 406.313 637.524 
569700 14 0.563831 9.57893 -1.46824 320.018 502.343 
569825 15 0.501513 19.2293 -1.54843 466.593 339.175 
569972 0 0.560316 297.809 79.7978 304.652 91.5938 
569972 0 0.559452 305.958 551.109 312.482 564.393 
569972 0 0.551706 214.006 117.67 221.42 125.493 
569972 0 0.541331 306.429 587.564 313.11 609.721 
569972 0 0.525059 300.39 38.7974 306.571 52.0896 
569972 0 0.516523 214.984 135.831 222.023 143.219 
570471 14 0.642536 7.59812 -0.0116453 480.498 375.014 
570539 14 0.652937 3.6111 -0.624634 477.949 372.854 
570688 72 0.655943 91.3277 4.65391 461.943 632.423 
570736 14 0.718311 20.9121 1.7408 630.894 425.172 
570756 15 0.614983 148.414 -0.306911 289.23 633.198 
570834 15 0.579889 131.326 12.9924 374.431 628.757 
571313 14 0.557063 42.0797 3.23665 630.416 476.462 
572303 15 0.511903 4.93647 -2.49519 449.155 638.124 
572408 14 0.647663 166.838 -3.93521 621.302 429.038 
573391 14 0.551221 44.4889 2.8801 444.51 640.29 
573943 14 0.543154 33.2066 0.785446 441.817 638.32 
574425 14 0.520669 245.116 -5.14397 404.99 646.167 
574823 14 0.764837 66.3493 1.78626 480.297 372.185 
575372 14 0.528736 11.1734 1.65058 454.982 639.912 
575815 14 0.506324 9.24367 3.37952 433.412 637.401 
576566 14 0.508306 20.5751 5.03537 612.948 464.088 
577182 14 0.725619 161.655 -0.062561 415.768 642.468 
577584 14 0.737625 15.5656 -1.46162 612.156 419.854 
577864 14 0.555789 0.587675 4.92619 401.745 638.008 
577976 14 0.613871 1.95295 0.154762 420.23 639.516 
578792 72 0.523769 -0.345347 -3.61284 417.836 638.308 
578871 14 0.639997 0.83889 2.53846 608.66 477.763 
579158 14 0.54502 57.7812 0.173531 460.518 641.428 
579307 14 0.609677 113.567 -1.9887 600.403 483.014 
579321 14 0.742913 -0.51659 1.42742 336.172 642.155 
579635 14 0.697084 137.65 1.99694 419.263 639.928 
579902 14 0.631737 92.0498 0.406232 635.208 555.297 
579970 14 0.534152 3.44055 1.40956 332.186 498.529 
580757 15 0.516074 12.6885 2.92841 398.17 636.631 
