724 14 0.665321 3.89937 -0.628307 468.729 376.068 
885 14 0.632794 5.96077 4.16359 404.611 638.519 
1000 14 0.508169 297.575 -6.76865 453.597 642.68 
1268 14 0.546568 1.81494 2.74691 404.343 638.283 
1584 14 0.685525 17.1685 -0.790333 593.087 613.376 
1675 14 0.730474 4.63065 1.42761 471.019 638.608 
1761 14 0.593465 371.598 4.5544 550.409 424.641 
2149 71 0.525258 19.6436 3.88069 414.959 636.66 
2157 14 0.559354 43.9919 3.29752 411.691 632.925 
2157 14 0.556394 230.751 -1.41628 407.331 644.739 
2431 14 0.56463 9.16786 3.43176 606.25 453.804 
2587 14 0.500376 48.1468 -1.1341 351.832 501.444 
2592 14 0.659912 7.09564 -4.71657 341.513 645.719 
2923 15 0.513646 148.358 15.8363 236.238 487.839 
2923 15 0.511497 213.955 106.647 217.821 111.195 
2923 15 0.507719 215 82.4992 218.674 86.7744 
3553 14 0.554621 5.68227 4.11587 415.25 636.132 
4134 14 0.512953 5.21416 3.37507 413.602 636.74 
5037 14 0.6406 10.1824 -2.90966 408.407 643.721 
5037 14 0.531856 195.689 7.50982 414.26 645.45 
5477 14 0.558451 28.0715 -1.81932 342.191 640.594 
5503 14 0.57245 5.24953 1.69177 483.451 331.346 
6040 14 0.66291 2.35979 -2.28468 332.892 636.517 
6471 14 0.672354 69.1003 -2.36061 327.254 503.232 
7088 14 0.57752 178.762 8.65794 540.199 472.932 
7281 14 0.542951 24.8541 0.059433 346.632 641.611 
7784 15 0.636008 68.804 4.73532 348.499 494.211 
7818 14 0.552639 6.40947 1.05433 409.491 639.256 
8211 15 0.522056 1.3311 0.180416 412.006 637.613 
8629 14 0.515705 3.94218 -2.59504 623.488 640.189 
8844 14 0.559047 56.7712 1.95484 409.783 636.675 
9772 14 0.566978 362.383 2.24161 618.073 552.481 
10764 14 0.608391 5.32039 -3.5841 396.227 644.675 
10995 32 0.505443 1.75717 2.17136 462.828 639.35 
11197 14 0.688068 101.924 -3.14655 422.576 644.569 
11813 14 0.542521 12.9094 0.704825 486.102 332.723 
13004 14 0.627765 133.125 -1.12941 489.219 376.876 
13201 15 0.623007 35.2284 4.60338 587.453 423.584 
13291 15 0.635712 62.5523 -0.0241399 309.457 501.06 
13348 14 0.537324 56.2714 -0.901413 404.369 641.708 
13597 14 0.516221 241.705 -5.15131 408.478 644.977 
13659 14 0.511455 68.3239 -3.4906 457.735 645.169 
13774 71 0.610866 5.7905 2.92858 454.377 637.792 
14226 6 0.566972 2.93334 0.386105 468.838 639.843 
14439 15 0.55903 70.6227 6.8047 365.139 634.712 
14473 14 0.74046 120.598 8.97959 418.545 633.414 
14888 14 0.632769 156.19 3.05912 467.909 639.165 
15440 14 0.602891 37.5377 -0.26292 612.695 401.951 
15497 32 0.630452 13.73 -7.51049 469.012 641.403 
15517 14 0.509353 146.461 -3.17726 452.468 646.555 
15597 14 0.649177 80.3645 -0.11974 628.675 432.826 
16249 14 0.573329 8.27417 1.45516 353.312 499.247 
16439 15 0.511691 6.70402 8.37402 454.298 634.399 
16502 14 0.565935 68.5703 0.910029 480.813 374.563 
17029 15 0.558241 12.1051 8.96696 604.814 633.365 
17207 14 0.639746 10.2775 1.06047 409.186 639.956 
17379 14 0.609199 46.0339 2.25251 627.883 476.733 
18491 14 0.664238 111.143 0.426826 407.406 641.284 
18575 14 0.528947 20.9399 -0.210934 454.049 637.581 
18770 14 0.551673 2.33666 1.72873 416.257 639.652 
18837 14 0.548148 265.185 5.65416 457.308 642.953 
19432 15 0.548564 4.70156 0.739384 461.122 637.303 
20107 14 0.527992 5.08822 2.60049 490.119 330.743 
20571 14 0.517935 65.4904 1.82033 613.061 537.347 
21503 14 0.743476 36.8314 1.71928 473.987 638.427 
21604 14 0.519804 4.78189 -0.336426 627.781 511.79 
22192 14 0.595751 20.8388 0.85741 412.332 640.201 
22479 14 0.655792 3.22605 -1.26614 566.992 641.772 
22589 14 0.565798 13.3162 3.86356 454.838 632.033 
22705 14 0.507214 13.2043 5.76514 615.723 473.055 
22755 14 0.593286 5.07627 2.30835 464.023 638.314 
23126 6 0.50575 3.53929 -0.450153 395.032 635.638 
23359 15 0.654286 8.69456 3.21932 410.336 635.178 
23751 14 0.683371 7.14869 1.48193 623.216 428.98 
25181 14 0.651983 4.33107 -0.477409 379.558 640.989 
25394 14 0.585883 159.087 -2.34933 618.465 483.582 
26465 14 0.541956 0.98503 0.631213 360.14 499.666 
26941 14 0.642861 43.5592 -6.32488 399.33 647.5 
27972 15 0.599509 17.5511 15.6796 354.622 629.122 
27982 14 0.693593 150.253 0.867844 326.056 510.436 
28285 15 0.545689 7.23391 0.521488 396.636 636.203 
28452 14 0.517446 1.49879 2.06356 637.168 477.9 
29187 14 0.678267 21.8796 1.09091 469.899 638.766 
29984 15 0.65402 137.582 -2.34772 438.654 644.09 
30785 14 0.629174 165.613 -1.89091 470.393 643.494 
31248 14 0.677442 20.6112 -1.08281 321.836 502.367 
31296 15 0.578008 63.8981 16.0151 389.653 627.171 
31620 14 0.658801 62.0398 0.992546 633.666 475.89 
31620 14 0.588023 292.119 -4.88327 625.853 482.384 
31749 14 0.677937 45.7935 -3.1076 620.091 638.846 
31817 14 0.653019 8.07379 -0.472744 619.832 332.724 
32038 14 0.52756 1.61947 1.45531 477.665 332.134 
32570 14 0.656939 85.317 0.0281906 413.123 641.538 
32901 14 0.523562 7.95304 5.03353 528.636 635.568 
33005 14 0.641973 7.93114 2.58385 410.532 638.812 
33114 14 0.679811 160.532 -1.66458 449.146 644.731 
33854 15 0.605143 84.9606 6.90172 397.792 634.191 
34760 15 0.616372 24.5621 5.07896 602.757 421.813 
36678 14 0.661728 10.8231 -6.05762 315.823 646.363 
36844 14 0.553932 14.4031 1.92503 476.063 638.456 
37988 14 0.602344 1.7784 -1.92562 466.531 638.808 
38048 14 0.614568 157.472 -1.23823 357.215 298.24 
38048 14 0.588252 88.6051 -3.17801 446.302 299.431 
38118 14 0.557499 55.8816 4.61287 413.893 631.716 
38576 14 0.608763 3.34997 0.278364 628.521 437.485 
38576 14 0.563473 401.891 -0.291326 629.376 439.055 
38678 14 0.536056 14.2484 5.10364 631.943 475.372 
38829 15 0.514432 42.3214 12.611 345.536 629.22 
39405 14 0.607405 44.6171 1.96802 459.948 638.759 
39484 14 0.576364 13.5314 0.704498 428.236 638.707 
39551 14 0.60068 30.0924 -0.264702 408.603 642.223 
39670 14 0.596391 80.825 -3.20831 608.43 636.911 
39951 14 0.697928 33.4135 -0.884972 425.804 636.478 
40757 14 0.638391 13.6724 0.177577 619.64 425.203 
41488 14 0.584643 27.4804 4.25617 351.791 637.184 
41633 14 0.547715 43.2465 -0.474091 413.286 641.421 
41990 14 0.596273 94.3006 -3.67834 447.719 640.77 
42102 14 0.7175 64.8547 -0.122742 615.855 244.129 
42563 15 0.565325 114.676 3.45695 609.717 618.622 
43435 14 0.522231 61.9808 3.1394 614.344 635.065 
43816 14 0.586811 34.1413 1.65771 410.709 636.533 
44590 15 0.560541 73.787 9.90711 167.114 629.089 
44652 14 0.70605 3.64597 -0.410728 416.572 640.348 
45728 64 0.589018 12.6215 -0.823212 451.28 636.254 
46463 14 0.629147 2.8132 0.0882596 392.749 499.909 
46804 14 0.591123 10.7022 3.89664 458.691 636.691 
47121 14 0.658768 6.46265 1.22665 467.901 639.262 
47585 14 0.546864 56.3765 0.856392 611.299 422.529 
47801 14 0.513175 52.5343 0.0332133 557.035 608.778 
47819 15 0.54132 61.1256 5.09247 335.32 493.375 
47828 14 0.602237 17.9879 -1.47331 303.486 639.892 
47828 14 0.504173 86.4068 -2.85925 242.309 634.152 
48153 14 0.584219 17.0858 -0.771314 350.191 501.488 
48504 14 0.524513 7.7078 4.86654 407.624 636.877 
48555 14 0.637554 42.3715 -1.53355 452.976 642.802 
48564 14 0.525862 1.29442 1.14361 625.366 427.147 
49060 14 0.51702 263.086 -0.277863 392.66 640.783 
49269 14 0.669824 37.0459 0.607097 601.081 431.354 
49759 14 0.555734 5.24533 2.74633 422.325 638.458 
49761 14 0.519147 26.9683 0.726223 456.037 637.075 
50679 14 0.609035 2.64741 -1.30985 405.487 641.753 
50811 14 0.585407 30.223 -0.102921 585.003 641.352 
50828 14 0.694392 3.35402 -0.616493 458.649 640.666 
50844 14 0.525484 9.70498 1.19668 478.237 331.191 
50943 14 0.636567 75.5935 -2.70988 297.63 644.4 
51309 14 0.633898 45.0778 0.457458 334.42 639.212 
51938 15 0.595579 173.761 8.34093 371.321 634.443 
51961 14 0.551931 105.174 0.0288362 588.217 426.305 
52017 14 0.659876 42.4315 0.356026 398.375 637.63 
52413 14 0.60315 7.90453 2.03355 366.754 498.201 
52565 14 0.581073 163.963 -10.1419 337.17 646.323 
52565 14 0.520741 137.57 7.37284 441.235 635.572 
52591 14 0.621699 155.576 -0.481713 623.311 360.543 
52891 14 0.509318 49.54 1.88126 406.989 638.258 
53994 15 0.512027 70.0436 7.14204 605.375 475.426 
54593 15 0.72922 72.5632 6.41966 375.097 635.26 
54931 14 0.627261 16.9452 -0.93033 613.8 426.441 
55072 14 0.541719 0.603715 5.06645 404.99 636.151 
55150 14 0.521908 2.15831 1.30001 405.617 639.777 
55950 14 0.527688 57.8041 1.72122 544.044 424.362 
56127 14 0.594532 299.673 -1.74074 631.084 577.737 
56288 14 0.572304 18.171 2.79015 457.787 638.79 
56344 14 0.551793 129.811 -8.25264 455.955 650.715 
56545 14 0.57014 3.23372 4.45708 606.317 502.88 
57150 14 0.575307 4.75675 0.143237 310.94 240.062 
57238 14 0.665442 31.9135 1.41854 479.734 373.612 
57725 14 0.520299 288.813 0.160713 460.653 644.398 
57760 15 0.593713 91.3058 -1.94144 204.9 492.867 
57760 15 0.53881 189.705 385.986 193.202 392.238 
57760 15 0.525325 189.497 364.559 193.083 371.655 
57760 15 0.516766 186.227 364.602 190.382 371.239 
57760 15 0.515235 197.012 139.876 200.431 146.521 
57760 15 0.508688 190.68 407.804 194.391 414.065 
57760 15 0.5082 195.869 163.134 199.226 169.694 
57760 15 0.505752 186.653 386.554 190.654 392.702 
58393 14 0.71549 150.997 -9.66244 466.509 648.736 
58655 14 0.532456 17.1372 0.182593 564.17 423.544 
59386 15 0.701056 131.931 3.02261 558.84 423.176 
59598 14 0.606946 17.4897 -1.03716 462.569 638.246 
60052 14 0.585836 69.5834 -4.84558 411.978 645.463 
60363 14 0.513812 243.185 4.97313 454.739 628.562 
60449 14 0.703007 195.471 3.86507 630.589 477.295 
60886 15 0.653774 28.701 4.44335 300.062 496.032 
60899 14 0.550436 19.0084 0.803536 622.873 359.317 
60932 14 0.520657 138.351 2.56886 405.352 640.422 
61584 14 0.507078 69.5074 1.65549 342.131 497.58 
62355 14 0.532558 6.36532 5.08263 410.392 637.213 
62692 14 0.60642 94.7732 -1.17862 617.366 428.869 
63602 15 0.553618 113.624 27.9198 305.984 616.692 
64462 14 0.67964 55.4429 0.897229 355.664 495.844 
64523 14 0.599979 11.2329 2.80556 440.917 637.911 
65350 14 0.522068 20.1581 -1.50444 410.396 638.818 
65485 14 0.509505 -0.222081 3.66945 342.176 639.149 
65736 14 0.64456 3.43998 3.32464 406.182 638.778 
65798 71 0.604431 29.5397 0.598011 452.62 639.276 
66561 14 0.591137 53.6624 -0.922699 404.491 641.063 
66635 15 0.521234 13.6835 -0.0461769 452.157 637.743 
66771 14 0.500327 6.17367 6.31969 463.799 634.431 
66817 14 0.520505 4.29843 2.24685 599.727 610.157 
67213 14 0.606113 27.8621 -0.81192 460.375 640.336 
67406 14 0.567387 13.0005 -2.10802 362.854 498.149 
67616 14 0.517165 295.61 20.5453 404.447 632.727 
68078 14 0.619728 187.029 0.165203 618.268 361.064 
68387 14 0.578562 9.23741 2.20457 461.276 638.651 
69138 14 0.705855 80.5984 -0.226529 620.113 370.946 
70229 14 0.54191 210.374 -1.9812 626.529 483.801 
71451 14 0.526185 3.84352 -0.321449 602.799 383.544 
71938 14 0.633265 3.93803 1.59145 459.269 638.858 
72795 14 0.627117 150.16 1.9982 460.783 639.856 
72813 14 0.754081 4.6946 -0.536041 466.553 640.483 
73118 14 0.61478 13.6478 2.66934 596.081 609.82 
73153 14 0.594426 5.65195 -0.53352 617.033 427.317 
74092 14 0.543374 86.5443 -0.311623 463.226 330.893 
74860 14 0.56219 181.573 2.29017 423.36 638.264 
74860 14 0.505517 28.2504 -4.20536 416.057 636.922 
75612 6 0.50175 6.23401 -4.84936 460.772 637.712 
76416 14 0.530205 119.388 6.31334 444.466 630.959 
78823 14 0.704497 75.7042 -0.850449 465.857 642.934 
79144 14 0.507034 4.37312 0.800457 413.418 629.641 
79408 14 0.526447 12.2949 8.07743 411.283 632.078 
79588 71 0.595519 4.25317 5.43098 444.428 632.252 
79651 15 0.513618 11.1261 6.02129 448.655 637.882 
79837 14 0.556247 262.466 -4.37165 617.003 437.408 
79969 14 0.704539 116.4 -4.99094 597.852 425.566 
80022 14 0.532874 4.02029 4.51206 407.862 638.101 
80057 14 0.545196 96.8823 -1.56294 618.965 424.912 
80153 14 0.705598 116.777 -0.647617 586.53 426.926 
80273 15 0.505906 30.3007 8.0575 397.7 634.41 
80666 14 0.508388 8.25344 1.97165 590.852 635.969 
80671 14 0.568167 11.7517 1.26482 411.035 638.786 
80932 14 0.511195 35.7215 0.812802 602.548 479.007 
81988 72 0.754035 5.64991 2.45218 407.755 637.536 
82085 14 0.7285 187.573 1.12377 414.172 649.023 
82696 14 0.570633 10.0111 -6.54136 514.361 434.482 
82765 14 0.614785 8.94251 1.70838 623.315 424.55 
82807 14 0.556146 59.1263 1.11551 580.307 639.946 
82821 15 0.510751 135.337 21.6975 326.843 612.077 
82846 14 0.594479 92.9607 -2.28275 432.946 643.517 
82846 14 0.512839 254.625 -4.01466 437.648 640.92 
83113 15 0.540455 31.3414 21.3545 409.223 621.827 
83172 14 0.620406 17.5226 4.89008 401.329 637.555 
83531 14 0.675328 2.88672 1.56711 267.752 498.767 
83540 14 0.533863 330.211 -20.5881 401.802 673.306 
83540 14 0.520719 311.658 1.72848 425.152 641.703 
84170 14 0.638385 54.7475 -0.476952 462.477 642.148 
84362 14 0.667842 19.2806 0.349979 464.155 639.122 
84477 14 0.579187 26.5482 2.52836 408.15 638.525 
84650 14 0.544964 44.8276 1.20855 451.566 638.835 
84752 14 0.511455 69.692 -4.35173 399.533 645.102 
85376 14 0.720003 359.952 -0.767212 600.179 482.575 
85665 71 0.558617 136.664 3.25117 617.46 504.142 
85772 14 0.576204 3.55498 -0.220356 410.132 638.191 
86483 14 0.640121 21.6877 -2.97198 336.376 503.423 
86582 14 0.649463 71.536 2.00123 416.669 633.155 
86755 71 0.688028 85.6935 3.36823 439.093 634.18 
87038 14 0.532136 8.09698 4.56457 455.369 638.454 
87470 15 0.548468 127.066 6.20434 436.61 636.002 
88218 15 0.56615 14.5729 8.49566 590.946 473.581 
88462 14 0.512983 3.40711 -3.61637 362.589 639.477 
88485 14 0.503779 45.9368 -2.0793 401.681 639.872 
90062 14 0.509717 6.73087 2.85048 405.024 638.138 
90155 15 0.520075 3.93373 1.95677 400.946 636.838 
90208 14 0.645398 115.853 -0.277634 407.988 642.85 
90284 14 0.696143 46.349 2.54894 578.864 636.867 
90631 72 0.541031 33.2315 2.54911 370.093 638.024 
92053 32 0.569599 6.04896 1.30014 398.611 635.112 
92124 14 0.62961 286.671 -4.8591 628.017 363.535 
92177 14 0.631071 150.16 -0.945238 627.06 623.35 
93261 14 0.545863 134.484 -2.77612 261.638 501.489 
94157 71 0.533198 6.55602 1.84154 598.394 371.311 
94326 14 0.729144 209.319 1.34421 480.744 377.548 
94614 15 0.654691 0.656119 0.823193 397.375 636.154 
95899 15 0.565629 18.3791 0.660858 447.128 638.153 
96493 14 0.662528 7.5713 1.8853 607.127 424.25 
96549 14 0.562279 2.89746 1.97138 202.328 635.479 
96825 14 0.64277 15.8797 3.28632 493.064 637.554 
97230 14 0.509231 148.042 0.327034 469.439 638.256 
97278 14 0.582427 60.0293 -0.487325 611.675 457.373 
97994 14 0.601316 2.45478 1.15406 420.106 639.142 
98261 14 0.667848 12.1274 0.120525 209.743 320.551 
98520 14 0.55634 127.689 -0.653038 473.508 642.689 
98633 14 0.645926 4.40393 0.742721 629.598 427.204 
98839 14 0.552901 12.1354 0.710239 459.058 639.345 
98853 14 0.593603 62.0766 2.88325 578.875 424.367 
99242 15 0.533209 34.6271 12.0375 366.421 629.693 
100510 15 0.500913 43.4734 11.8713 347.76 587.628 
101787 15 0.642535 8.3493 7.62148 595.405 450.341 
102331 14 0.549686 8.61678 2.03888 318.471 497.115 
102356 14 0.510478 9.34519 0.410922 625.134 426.861 
102805 14 0.535661 22.0504 2.8706 413.325 638.207 
102820 14 0.519923 14.7747 -3.08741 620.876 426.43 
103723 14 0.621935 35.0324 2.55042 626.529 478.63 
104803 14 0.547878 15.4775 1.58792 490.354 373.815 
105335 14 0.607563 3.39591 2.0501 591.303 611.37 
105455 15 0.550552 4.75071 3.68767 580.414 424.134 
106330 15 0.606259 3.46398 5.65979 400.524 634.02 
106912 14 0.603567 83.6 -0.0439196 576.054 610.872 
109992 14 0.665596 197.771 -5.40188 420.389 663.446 
110042 14 0.592769 44.7564 1.57952 597.923 419.531 
110784 14 0.725484 6.8187 2.44779 405.21 433.171 
110999 14 0.505386 2.39019 0.678608 628.368 358.084 
111036 14 0.550225 53.1515 -2.11265 586.098 425.246 
111207 14 0.754995 163.549 4.33378 632.125 475.018 
112298 14 0.535844 34.3521 -2.46437 451.904 636.47 
114049 14 0.553137 21.597 1.10554 621.609 424.358 
114884 71 0.663255 29.0299 2.45115 304.93 498.85 
115885 14 0.553569 9.32856 0.627697 365.538 499.979 
116206 14 0.551034 4.24789 0.942287 467.445 639.317 
117492 14 0.55157 294.249 1.17092 415.402 638.113 
117525 14 0.675364 50.3521 0.72673 474.992 500.408 
117645 14 0.618299 4.35202 0.420895 463.24 639.54 
118921 71 0.505025 80.9249 1.42971 416.187 640.392 
119088 15 0.562565 27.7233 1.41795 352.591 495.679 
119233 14 0.512745 20.5667 -0.389218 318.07 500.807 
119677 14 0.506424 17.7577 -0.788097 468.203 639.433 
119828 14 0.559862 3.2096 0.770554 366.072 498.974 
119995 14 0.585003 11.1584 -4.49345 474.49 467.759 
121031 15 0.539636 131.762 22.6476 321.019 599.276 
121153 14 0.720138 160.617 3.81289 468.896 638.542 
121153 14 0.507728 190.526 15.3577 359.744 632.13 
121417 14 0.621486 20.0432 -1.89733 623.258 476.591 
122217 14 0.537136 14.4186 1.08751 624.732 424.368 
122927 14 0.560319 116.007 0.830803 337.905 642.203 
123131 15 0.530525 36.2346 0.812607 403.838 638.931 
123213 15 0.532768 16.4679 -0.682487 370.59 639 
123321 14 0.526432 5.43824 1.37232 596.973 610.613 
123480 14 0.545566 24.2722 2.59682 458.105 638.286 
124636 15 0.505824 25.8621 24.1241 397.555 611.74 
124659 14 0.56242 277.378 2.07422 458.535 640.601 
124798 14 0.526865 23.5017 0.55088 408.507 640.918 
125072 14 0.513326 48.6821 0.975494 296.12 639.847 
125129 14 0.631318 194.257 8.23098 318.179 494.118 
125472 14 0.571292 5.15757 1.70401 602.005 423.961 
126110 27 0.517433 0.717587 -0.288601 229.088 320.611 
127135 14 0.508657 1.32298 3.33998 613.84 425.856 
127270 14 0.680338 63.1913 1.14594 473.855 326.623 
127530 15 0.516673 49.0845 7.80045 403.401 631.332 
127987 14 0.646926 241.563 -2.16618 409.589 646.163 
128372 14 0.628574 271.791 -4.2877 407.452 639.799 
128658 15 0.645028 57.2701 9.18831 405.938 632.768 
128699 14 0.558958 13.1264 -1.71684 474.23 353.331 
129062 14 0.512016 153.884 -1.90834 450.095 644.37 
129135 15 0.519579 13.6651 1.73267 450.304 638.933 
129945 15 0.521066 4.73062 -0.386066 301.867 639.182 
131131 14 0.582618 66.1947 -3.41492 458.996 644.73 
131386 14 0.65028 171.492 -7.8006 422.474 648.914 
132116 14 0.502051 5.735 6.70297 574.661 605.767 
132329 14 0.552367 6.089 0.494768 625.721 425.392 
132703 15 0.522322 46.85 1.9249 609.477 423.232 
132931 15 0.565308 30.0647 -0.926533 401.186 636.248 
133087 14 0.557027 32.7319 4.06713 410.435 638.18 
133233 14 0.594238 32.2772 -0.877876 342.692 642.282 
133567 14 0.523465 7.38822 -0.365601 389.731 640.731 
133645 14 0.538199 27.2035 2.04393 415.011 638.857 
133819 14 0.555895 2.44512 4.23176 399.329 638.193 
134112 14 0.519713 4.33791 1.21245 350.081 496.698 
134886 15 0.68835 149.001 3.93097 344.174 629.448 
134886 15 0.516041 170.756 361.899 177.22 371.851 
134886 15 0.511873 171.488 397.43 177.342 406.102 
135902 14 0.590282 104.313 -3.64502 406.454 645.439 
136334 14 0.520754 16.8906 -2.94632 455.052 636.992 
136466 14 0.666025 3.07602 -0.6032 480.543 332.848 
136600 14 0.572409 8.97496 2.44532 453.575 638.31 
137106 14 0.55956 9.71092 5.6999 401.801 637.214 
137294 15 0.527396 17.8977 3.97963 407.861 639.333 
137576 15 0.593907 37.4751 6.45836 521.143 631.549 
137950 14 0.662152 1.57093 -1.88171 360.051 640.567 
138979 14 0.639617 53.6689 -2.51209 408.061 640.086 
139260 14 0.619531 30.0292 -0.607281 368.775 639.527 
139871 14 0.557476 66.8561 -3.08599 376.924 639.258 
140270 15 0.551456 35.2904 3.11419 372.483 595.436 
140286 14 0.686795 103.365 0.651703 508.101 640.518 
140929 14 0.53023 1.77618 -0.0799179 390.336 640.371 
140987 14 0.554253 12.1377 0.878614 620.881 424.426 
142472 14 0.691998 50.9419 -0.567818 477.614 642.162 
142585 14 0.596179 14.2913 2.8517 494.827 372.874 
142790 14 0.584065 72.0487 -2.76938 365.983 503.391 
142971 14 0.550792 75.4359 -1.05637 340.395 639.846 
143556 14 0.643997 185.607 -1.53955 619.114 482.474 
144114 14 0.541132 160.598 -1.72538 397.301 604.606 
144798 14 0.728241 9.76027 0.315484 633.721 424.677 
144932 15 0.574542 186.064 367.444 189.858 377.087 
144932 15 0.570213 190.821 46.3468 194.886 58.75 
144932 15 0.539457 191.098 82.6853 194.933 92.8123 
144932 15 0.528614 188.813 115.431 192.768 126.721 
144932 15 0.527748 188.131 401.996 192.055 411.212 
144932 15 0.524922 188.017 132.459 192.837 145.66 
144932 15 0.517088 184.209 333.791 188.066 342.254 
144932 15 0.510931 187.006 174.774 191.16 184.285 
144932 15 0.508001 191.232 404.847 194.868 413.179 
144932 15 0.503076 189.354 436.676 193.508 444.64 
144984 14 0.5838 109.166 -3.09554 621.322 429.338 
145665 14 0.620901 3.34261 1.1645 622.514 428.605 
146363 14 0.575304 38.5686 2.87479 362.456 498.105 
146825 14 0.504668 16.2678 5.27443 293.194 633.987 
146831 14 0.555274 106.109 -4.2178 419.656 646.378 
147205 14 0.511707 7.94017 6.30453 423.13 634.122 
147223 14 0.542783 14.9552 2.42363 348.801 638.532 
147338 14 0.506661 6.19017 2.89428 614.259 477.557 
147729 14 0.549941 3.89704 1.53011 360.269 498.623 
147745 14 0.526873 20.663 1.13981 461.408 638.909 
148620 14 0.664824 35.3503 -0.803784 344.307 498.792 
148719 14 0.703021 138.29 -0.196877 400.625 642.934 
148730 15 0.571963 75.332 5.17467 397.054 632.24 
149375 14 0.558525 9.66858 -2.20938 460.667 638.17 
149770 14 0.611171 1.25516 -0.0236392 138.113 200.025 
150224 14 0.777129 43.2307 -0.825558 411.638 636.92 
151516 14 0.616058 104.49 -5.34771 415.518 645.94 
151629 14 0.647605 217.251 1.63417 619.519 427.222 
151962 14 0.603369 29.4581 1.72161 464.66 635.764 
152120 15 0.552648 11.2097 -2.74239 401.557 639.126 
153343 14 0.523221 17.3838 3.76911 454.759 636.608 
153632 14 0.559243 1.7575 -0.200539 450.937 641.372 
153669 14 0.649566 5.4021 2.12891 409.427 639.245 
154087 71 0.520225 16.4191 0.507584 465.708 640.402 
154213 15 0.61505 81.3849 7.47561 338.789 494.401 
154705 14 0.545314 125.677 -0.40329 455.64 642.24 
154718 14 0.532368 2.80237 0.904441 491.58 374.471 
155341 14 0.538653 0.981202 -1.09266 465.652 634.459 
155443 14 0.562667 5.04228 2.30726 402.363 638.212 
155451 14 0.565765 106.391 3.55026 457.377 639.019 
156071 14 0.639484 44.0124 -0.787697 461.006 642.329 
156278 14 0.643091 239.893 8.90041 408.157 643.727 
156292 14 0.500357 45.8831 0.814738 597.669 427.694 
156372 14 0.566422 77.682 -0.977771 473.282 336.81 
156372 14 0.554635 255.082 1.56527 432.49 327.775 
157138 14 0.501337 2.72134 -0.286192 340.471 500.551 
157365 14 0.732577 98.1041 0.242473 627.915 427.049 
157418 14 0.51865 188.642 -2.07905 613.934 483.44 
157756 14 0.678621 68.522 0.378113 619.801 478.789 
157807 14 0.574364 14.7998 1.3224 420.691 638.492 
158660 14 0.532227 92.0276 -1.19121 590.056 610.802 
160666 14 0.733554 88.1257 2.65493 467.191 634.462 
160728 14 0.639848 97.1184 -0.945263 408.745 639.995 
161128 14 0.634378 109.046 -3.62381 485.446 371.722 
161799 15 0.571266 30.2413 6.0491 320.391 635.447 
161875 14 0.639957 60.366 2.62873 389.013 637.574 
161978 14 0.622233 1.6303 -3.58265 414.545 643.853 
162092 14 0.575082 26.2983 1.00029 619.175 638.772 
162366 14 0.587884 32.2162 2.5621 422.926 637.504 
162415 14 0.571215 319.909 -3.01119 616.875 529.308 
162415 14 0.546718 140.069 -3.68839 604.885 532.704 
162858 15 0.547543 198.658 3.33663 526.743 424.284 
163117 6 0.500883 2.6508 -0.829186 479.391 375.165 
163257 14 0.710999 33.5374 -1.77539 606.69 423.746 
163290 15 0.564321 53.174 4.53033 584.08 472.897 
163314 14 0.637019 19.2198 1.03161 326.782 499.141 
163682 14 0.632486 235.047 -0.506695 621.995 426.966 
163951 14 0.528051 27.5151 -0.831668 622.234 424.994 
164363 15 0.562388 9.59265 -1.03407 565.139 637.69 
165518 14 0.561694 5.22344 3.64793 586.625 609.765 
165713 14 0.582535 7.41983 3.42454 611.824 418.307 
166259 15 0.519833 24.7375 1.12738 402.946 637.867 
166287 14 0.50967 6.47213 -3.53973 387.258 645.501 
166391 15 0.590994 124.382 9.53314 311.09 629.05 
166478 14 0.627492 12.3523 0.294056 413.492 639.848 
167067 14 0.568504 4.99615 1.73507 486.414 373.114 
167240 14 0.728244 68.9962 0.609798 414.372 633.924 
168337 14 0.533459 9.56552 4.49551 461.977 635.637 
168458 71 0.629289 2.9044 0.823555 611.491 424.871 
169996 14 0.65853 137.092 -2.41459 410.844 633.882 
170545 14 0.582762 7.05205 1.11727 467.097 638.966 
170613 14 0.537198 116.128 -0.969833 598.902 438.319 
170739 14 0.687014 85.4605 -1.14433 501.04 642.549 
171298 14 0.646704 267.522 8.15311 439.32 635.672 
171611 14 0.639848 115.912 -5.15682 429.596 647.083 
172396 14 0.689713 2.82507 0.700092 347.363 639.034 
172648 14 0.658611 233.121 3.30254 461.386 638.629 
172856 15 0.650554 7.21151 2.59949 450.918 636.799 
172935 14 0.636346 4.99504 2.50027 347.801 486.96 
173004 14 0.60581 24.9775 2.85923 460.67 635.56 
173033 14 0.603618 128.588 -0.192461 604.935 481.895 
173091 71 0.570637 3.70052 2.08895 563.375 611.531 
173183 15 0.772884 43.2624 7.6314 432.06 633.739 
174231 14 0.612232 137.525 -0.597037 477.999 377.03 
176232 15 0.537444 90.6519 5.12704 607.98 474.658 
176778 14 0.533626 181.244 -2.21044 617.223 430.673 
176799 14 0.657062 115.299 -2.53616 406.174 644.614 
177065 15 0.521747 33.9335 6.37661 510.072 634.043 
177383 14 0.625215 32.9606 0.73502 595.837 423.93 
177714 71 0.527116 1.65181 6.47081 392.348 634.567 
177934 15 0.514518 20.4183 3.95788 435.993 629.933 
178028 14 0.679039 148.58 0.201613 483.216 375.942 
178469 14 0.599988 53.2148 0.0510597 399.64 638.779 
179214 14 0.617456 126.82 -1.70407 605.557 427.777 
179265 14 0.700692 121.787 -0.298691 407.431 638.389 
179392 14 0.613011 6.65718 -0.643601 616.747 480.638 
179487 15 0.581526 39.4852 3.73317 595.492 507.806 
179765 14 0.511867 10.8711 2.49109 452.053 635.262 
180751 15 0.519725 78.9606 20.3987 344.511 618.282 
180878 14 0.581469 23.3112 -0.639782 411.329 634.821 
181499 14 0.513213 4.66599 -0.173378 467.663 640.651 
181542 14 0.562621 42.8392 4.35823 570.673 637.332 
181796 14 0.505369 5.60757 1.51201 349.227 638.812 
182021 14 0.622162 20.9515 1.21714 351.675 638.212 
182202 14 0.588207 227.009 0.057621 377.884 638.306 
182202 14 0.534005 22.311 2.45701 376.078 637.444 
183648 14 0.53837 247.737 -2.18628 406.541 641.898 
183675 14 0.507041 55.5886 2.21918 392.153 639.916 
184400 14 0.605795 111.013 -9.41803 457.281 649.645 
185292 14 0.701805 79.0951 1.58965 619.188 419.586 
185950 14 0.519833 4.21722 -2.75657 462.746 337.181 
186042 14 0.500605 2.00863 1.93323 237.716 637.432 
186296 14 0.628111 121.387 -4.63078 468.431 642.233 
186345 15 0.575633 10.5433 9.80309 407.42 629.921 
186624 14 0.603336 337.561 -2.72881 535.118 644.116 
186632 14 0.592203 34.6239 2.13747 621.891 478.468 
186938 14 0.59048 6.8928 2.28472 417.907 638.223 
186980 15 0.505076 37.6218 12.13 531.366 439.5 
187055 14 0.571417 121.309 -0.963071 622.318 426.324 
187144 14 0.506607 48.5801 2.47932 457.154 635.643 
187249 14 0.527269 25.6423 -2.83531 463.7 640.946 
187745 15 0.637406 141.133 7.54684 412.607 629.569 
188439 14 0.748294 226.381 0.181732 395.808 642.957 
188906 14 0.592931 41.8848 1.3722 352.211 499.355 
189078 71 0.559154 8.88281 2.29453 313.16 498.675 
189310 14 0.518751 3.66497 2.61 473.551 638.037 
189698 14 0.639425 20.8208 2.97182 418.734 637.968 
189828 15 0.518068 10.5713 1.83153 575.888 606.44 
190140 14 0.618595 63.8074 2.50813 410.808 638.393 
190637 14 0.604752 10.9044 1.63672 605.432 426.581 
190853 64 0.577669 71.8702 -0.441117 605.631 384.062 
190923 14 0.515132 7.82594 1.12873 479.498 372.763 
191672 14 0.529908 6.17096 -0.503082 407.045 641.188 
191761 15 0.533247 105.887 18.4071 267.806 491.294 
192047 14 0.563337 3.26895 -0.485759 617.123 480.099 
192191 14 0.532804 10.5985 0.861697 618.994 477.75 
192607 14 0.534302 129.175 -1.09299 406.209 643.566 
192670 15 0.566655 30.7432 5.68747 399.999 630.712 
192716 14 0.578155 91.4056 -6.52615 582.208 525.396 
192871 71 0.529634 22.8555 2.60031 411.514 637.51 
193181 14 0.501237 16.7561 1.15341 591.897 422.604 
193494 14 0.601775 24.9446 1.83841 619.572 424.647 
193717 14 0.587655 10.4249 -3.29508 612.361 520.272 
193926 14 0.649252 78.5207 -1.28639 458.541 642.773 
194216 14 0.603184 137.721 -1.42262 280.888 631.281 
194724 14 0.529701 5.25903 4.03692 456.957 636.67 
194746 14 0.542154 10.6299 2.39 367.187 498.653 
194940 14 0.592649 2.42518 1.28981 371.081 498.595 
195842 14 0.531386 4.9691 0.0297546 465.122 640.318 
195918 14 0.636484 84.6654 -3.03631 412.852 644.452 
196141 15 0.634155 70.0913 4.22508 406.286 637.66 
196185 14 0.555158 49.0492 2.97626 422.434 638.319 
196759 71 0.505169 122.883 -2.61889 414.59 640.25 
198489 14 0.573025 372.717 6.53699 578.591 425.641 
198641 14 0.577472 74.0839 0.913582 461.814 638.83 
198805 15 0.5012 1.67605 -0.0522232 383.088 640.5 
198915 15 0.636777 69.9578 18.7325 286.029 625.509 
199236 14 0.599278 93.5826 0.678749 396.78 638.875 
199442 15 0.570207 22.4091 8.49754 197.618 636.631 
200252 14 0.619962 26.2916 0.215083 354.168 500.491 
200839 14 0.540529 33.1933 2.87394 428.77 634.439 
201072 14 0.568275 28.761 -2.37209 593.631 413.886 
201148 15 0.562399 5.58124 -0.211468 334.897 636.05 
202001 14 0.555844 4.49147 -0.207216 434.371 500.954 
202228 14 0.572836 4.85659 1.14869 624.285 478.861 
203317 14 0.555933 66.7438 -3.77706 397.202 504.322 
203931 14 0.610488 241.29 0.715909 597.908 429.602 
204186 15 0.630165 148.486 6.48401 471.599 641.383 
204329 14 0.513872 106.797 0.100264 602.77 423.046 
204871 14 0.683215 69.8288 -1.40889 594.311 608.794 
205105 14 0.759661 82.9285 5.12688 422.204 638.598 
205324 14 0.522575 9.05447 -1.72091 391.58 637.034 
205514 15 0.50293 58.4439 7.57563 376.081 631.183 
206271 14 0.500681 16.5815 0.892152 609.408 320.853 
206487 14 0.666936 46.4309 -0.357628 474.81 641.425 
206838 14 0.60904 167.176 0.937881 465.212 641.444 
207538 14 0.646935 165.847 -2.91413 370.434 500.34 
208901 71 0.567257 48.1704 3.17911 404.306 638.573 
209222 14 0.687465 141.225 4.53688 414.5 638.269 
209747 14 0.760844 3.23323 1.32987 341.777 498.852 
209757 14 0.523962 416.888 -4.25722 623.065 429.754 
210502 72 0.678591 5.48312 -1.85535 459.582 641.218 
210520 15 0.542011 23.6319 8.67663 579.102 608.343 
210708 14 0.547827 9.90502 3.44418 323.753 497.058 
210789 14 0.661608 14.0739 -2.06971 492.144 371.306 
211674 14 0.545643 4.74006 2.29368 389.131 638.747 
212072 14 0.547138 28.6921 -1.75157 359.121 498.742 
212166 71 0.500571 2.45472 -1.89584 583.665 614.404 
212800 14 0.685152 103.193 -7.41606 405.311 635.161 
213033 14 0.523244 86.0585 -1.18195 605.543 478.203 
213171 15 0.506919 150.601 6.44072 449.881 368.542 
213255 14 0.54099 335.315 -3.10568 617.992 480.435 
213255 14 0.532965 53.6634 2.56908 616.754 478.127 
213422 14 0.519571 14.2112 1.95944 415.318 638.741 
213605 14 0.677596 352.925 3.7831 591.974 484.073 
213605 14 0.505756 52.1142 -1.45483 610.444 479.093 
213830 14 0.577924 24.6144 1.36753 408.877 638.901 
214224 14 0.649556 6.72886 -1.00246 411.718 641.54 
214753 15 0.684608 71.4327 2.31171 392.084 639.63 
215072 14 0.604626 251.858 3.30013 427.659 638.987 
215259 14 0.555943 61.1647 0.254525 488.027 336.785 
216277 15 0.524156 5.06355 2.90976 444.708 637.652 
216296 14 0.522732 3.43489 -0.796852 412.567 639.082 
216497 14 0.535273 29.4146 1.41294 457.121 638.582 
216636 14 0.597958 3.83411 -0.262566 407.984 640.721 
217285 14 0.597265 84.37 -1.89064 404.027 636.952 
217400 14 0.539486 7.83368 1.34779 467.23 639.219 
217425 14 0.582889 40.2748 1.25547 461.47 638.207 
217753 14 0.500602 47.4171 -3.13599 451.609 643.685 
217872 14 0.663666 84.0152 -2.34764 491.382 334.824 
217957 15 0.535532 48.8208 4.54471 592.578 473.081 
218439 14 0.632046 252.169 1.42922 624.96 480.317 
218997 14 0.610788 33.0605 -0.101471 600.317 641.348 
220732 14 0.543253 36.4976 -0.913544 431.792 638.219 
220764 14 0.566723 4.12067 1.00243 414.542 638.834 
221017 14 0.645618 147.268 1.26251 460.678 641.6 
221291 14 0.596074 278.622 -1.03869 478.836 335.301 
221502 14 0.574964 54.8977 6.27028 273.908 631.072 
221754 14 0.564382 262.472 -0.83107 406.089 645.369 
222455 72 0.57977 3.22398 -0.874634 592.547 612.29 
222735 14 0.692819 4.80453 0.634087 630.349 472.993 
223090 14 0.512784 3.66676 1.6626 463.763 639.375 
223738 15 0.516485 85.2158 3.18079 609.891 630.67 
223789 14 0.695716 9.94542 0.609808 484.429 345.84 
224051 71 0.52474 9.16476 4.39989 397.65 634.486 
224200 14 0.548578 16.3041 4.79807 615.927 635.962 
224222 15 0.529178 64.3851 13.5754 185.213 623.674 
224664 14 0.676751 5.91999 1.7671 465.599 639.06 
225532 72 0.727109 5.80525 3.70151 350.47 498.07 
225670 72 0.56663 88.9461 -1.09356 377.643 637.096 
225946 71 0.545241 111.433 4.19483 433.144 637.399 
226111 14 0.722015 2.83035 -2.40632 618.796 482.175 
226147 14 0.560833 6.5024 1.78907 616.382 478.976 
226154 14 0.549158 2.6103 1.97365 476.531 631.359 
226171 14 0.540757 8.89682 -1.02467 461.048 641.572 
226802 14 0.655348 4.53823 -3.50193 338.216 638.508 
226883 14 0.524169 251.877 -2.08569 455.397 642.978 
226903 14 0.523912 44.5431 0.958385 464.909 639.041 
227482 14 0.618803 57.8925 1.11362 467.724 639.266 
228144 14 0.540092 9.12572 1.72058 418.07 639.11 
228981 14 0.682813 25.3696 1.80696 476.503 639.366 
229111 14 0.569179 8.21291 1.76028 483.257 374.318 
229221 14 0.573846 66.5753 1.76817 408.46 638.708 
229553 14 0.561013 18.4161 0.62149 480.612 640.037 
230450 14 0.543564 43.3738 1.71158 456.214 632.897 
231097 14 0.577047 5.83119 1.73292 455.871 638.606 
231125 14 0.553681 25.4748 2.33584 484.852 373.61 
231508 15 0.55377 82.1942 3.73653 436.789 332.328 
231831 14 0.534945 20.9327 1.3184 624.348 480.116 
232088 14 0.502861 39.6874 0.280113 457.263 640.778 
232538 14 0.634948 200.09 12.0289 312.084 629.954 
232538 14 0.513314 62.5897 3.44519 443.07 636.14 
232646 14 0.545701 73.8331 8.02578 247.472 632.167 
232684 15 0.541768 38.7631 4.5319 364.482 632.852 
232692 14 0.522028 21.4856 1.06394 404.98 639.615 
233238 14 0.515465 13.9424 0.180874 610.24 480.171 
233370 14 0.643812 228.21 1.11766 602.796 428.268 
233370 14 0.566479 258.501 7.09219 482.131 418.723 
233727 14 0.66026 76.9529 4.20702 402.716 637.52 
233825 14 0.523405 12.3952 3.03196 463.726 636.869 
234366 14 0.541989 314.461 -10.8108 620.729 481.344 
234366 14 0.516206 82.1137 -3.0619 597.675 482.6 
234607 14 0.57461 8.86409 -0.740357 479.411 376.35 
234660 14 0.514795 46.9647 2.34707 464.672 639.141 
235241 15 0.626543 31.5486 7.0545 397.919 636.614 
235784 14 0.649792 77.2594 -0.266609 448.072 642.321 
235836 15 0.516248 70.1221 2.8866 570.78 419.183 
236308 72 0.524704 41.7958 -1.88915 345.633 638.61 
236412 14 0.512775 310.897 -0.54882 462.408 644.638 
236426 14 0.763231 4.55383 -1.50427 418.293 641.435 
236845 14 0.538887 15.184 2.02367 611.586 491.664 
237071 14 0.592125 88.3735 0.230408 407.882 636.556 
237118 14 0.603155 22.7748 1.15273 609.508 579.418 
237928 14 0.683505 61.1662 0.0661779 630.289 454.779 
238013 72 0.543957 4.65134 -1.11622 317.991 499.083 
239274 15 0.564229 90.8565 11.81 595.132 570.462 
239318 14 0.649294 52.0524 -0.266545 489.619 375.338 
239627 14 0.595801 96.3254 -2.72789 412.431 644.899 
239843 15 0.630592 18.5739 5.0261 352.338 496.383 
240023 15 0.554452 45.9976 0.0298834 599.776 477.758 
240049 14 0.655898 192.537 0.738489 605.282 426.949 
241319 14 0.560167 22.6372 -4.15718 452.72 639.53 
241668 14 0.597229 39.3513 1.37418 636.337 459.456 
242411 14 0.520807 4.83252 -0.0279512 617.69 424.131 
242934 14 0.509686 2.60172 2.10689 220.357 497.933 
243034 14 0.557342 102.781 1.58236 610.772 427.002 
243495 14 0.64857 3.17967 0.267729 466.981 375.111 
243867 14 0.584465 22.5554 2.0491 418.119 639.448 
244379 14 0.637078 3.91693 -1.41319 441.126 641.682 
244496 32 0.656225 21.9764 -2.33612 488.037 276.947 
244750 14 0.682748 52.9614 -2.1489 484.704 392.879 
245026 14 0.629377 60.8685 -1.5378 393.055 637.212 
245102 14 0.597119 4.11373 -2.4334 407.402 639.734 
245173 15 0.680575 8.14894 0.86606 560.823 476.313 
245311 15 0.535253 24.092 6.15879 580.019 603.86 
245320 71 0.555888 9.91972 0.287069 589.039 424.346 
246883 14 0.608285 160.344 1.65453 463.443 640.479 
246963 15 0.547533 14.6786 -0.465984 394.439 635.559 
247917 14 0.624017 71.0112 4.04974 580.142 604.917 
248112 15 0.510466 2.33912 10.9032 107.295 618.957 
248400 14 0.654943 46.7058 3.6594 405.71 637.205 
248752 27 0.504125 28.2307 4.37905 349.255 495.438 
248980 15 0.635061 8.06727 6.8284 352.321 495.673 
249219 14 0.54217 3.3717 3.28709 474.386 637.185 
249786 15 0.579173 48.6382 0.34483 403.807 638.082 
250127 14 0.605712 23.2619 0.150623 609.886 638.335 
250205 14 0.625249 37.5421 2.57561 439.941 636.669 
250282 14 0.561151 19.4722 1.38229 408.364 639.152 
251065 14 0.719709 50.0739 0.149975 626.191 479.474 
251572 14 0.509078 7.29679 8.05794 408.702 632.713 
252332 14 0.642629 14.7344 7.06007 460.088 635.633 
252716 14 0.514582 446.623 -2.34481 617.992 430.153 
253002 14 0.669157 6.55306 -0.040741 415.993 640.165 
253695 15 0.539643 33.4834 1.84062 609.516 423.673 
253742 14 0.508784 16.2467 19.7684 198.046 633.488 
254516 14 0.661737 3.64238 2.97161 408.723 639.398 
254814 0 0.530582 297.705 68.6778 306.373 82.9128 
255165 14 0.661656 119.679 -7.03495 456.657 648.153 
255749 14 0.54792 80.867 -1.79201 407.903 639.81 
255749 14 0.503952 221.559 2.4052 363.28 641.982 
256407 15 0.521185 36.5973 3.60459 610.383 474.086 
256941 14 0.510142 110.354 1.48735 469.654 330.432 
257169 14 0.666906 169.339 -0.228682 617.335 481.585 
257624 14 0.719012 89.5799 0.00353813 617.279 423.447 
258388 14 0.596236 15.4541 2.72535 415.084 638.676 
258793 14 0.510111 3.90369 -0.136108 452.797 640.404 
258883 14 0.662243 16.7793 2.59595 620.054 424.332 
259097 71 0.524435 28.2874 -1.31103 321.803 502.457 
259640 14 0.50652 25.8603 2.03722 414.098 638.137 
259830 14 0.643661 151.505 2.90464 603.438 419.25 
260106 14 0.715133 106.705 -2.46091 575.075 403.435 
260261 14 0.621077 46.6331 6.05617 605.859 424.597 
260266 14 0.516678 11.9398 0.409445 622.34 477.035 
260925 14 0.561934 20.5949 0.764904 459.412 639.075 
261097 14 0.584828 153.315 -1.49728 487.204 335.173 
261982 14 0.593446 127.021 -3.65636 403.259 458.795 
261982 14 0.53332 43.5915 -1.4828 526.007 455.546 
262048 14 0.731294 4.83814 -2.09621 585.897 614.164 
262440 14 0.611026 25.5232 -0.11915 622.627 399.799 
262587 14 0.600219 75.0629 -0.0603485 464.803 641.529 
262682 14 0.585231 26.4143 0.820432 620.128 425.1 
263644 14 0.621767 186.823 -5.5589 614.307 478.603 
263644 14 0.526831 334.553 3.89646 577.7 470.91 
263969 14 0.507847 1.50277 3.86284 585.281 638.904 
264441 14 0.601722 4.66682 1.0914 486.126 374.004 
264968 14 0.670891 51.3445 -0.424199 468.609 332.089 
265108 14 0.579643 398.453 -1.30934 625.325 426.481 
265518 14 0.502509 12.6031 2.57336 576.646 610.331 
266768 14 0.536218 108.195 -0.487201 571.547 613.144 
267351 15 0.619389 9.86549 5.20916 386.481 635.219 
267933 14 0.58851 3.92662 2.62204 304.532 497.572 
268996 14 0.529017 207.303 -8.84858 366.139 494.708 
269121 14 0.711693 65.917 3.07739 610.911 477.883 
269314 15 0.553815 11.4321 12.3191 451.277 629.576 
269316 15 0.634556 90.1276 6.72531 404.201 633.734 
269682 14 0.605212 124.923 0.436859 473.869 641.13 
269866 14 0.661728 33.9372 -2.24735 409.688 643.959 
269932 14 0.538814 97.7945 1.44241 477.206 374.334 
270677 14 0.575292 199.013 1.16845 596.41 638.805 
271116 14 0.599365 2.16433 -0.303802 412.716 640.508 
271402 14 0.726283 56.0315 0.1879 614.042 420.651 
271457 14 0.556386 10.1969 1.88012 323.11 498.754 
272148 15 0.508378 114.628 176.692 118.496 184.63 
272148 15 0.505143 138.982 206.175 142.702 213.118 
272148 15 0.504822 139.968 177.837 143.759 185.016 
273551 15 0.515422 43.7303 3.71252 433.033 635.529 
273617 14 0.610145 17.7787 0.849571 405.469 639.384 
273712 14 0.529578 50.4817 4.36498 617.522 477.148 
273715 71 0.503025 1.8947 -0.927806 359.319 500.988 
274066 15 0.656973 106.32 20.8639 302.482 622.552 
274219 14 0.531371 1.77393 2.35973 626.911 460.542 
274272 14 0.59246 70.1781 2.5123 456.375 634.311 
274411 71 0.575086 106.968 -0.486934 603.245 427.324 
274708 72 0.595301 38.76 -0.324782 552.524 608.466 
275392 14 0.500831 76.8551 3.07873 589.405 477.576 
275749 14 0.514276 2.10909 2.42692 359.227 498.695 
275791 14 0.528935 110.067 -2.18552 412.899 642.973 
276284 14 0.518523 55.8585 -3.47216 589.163 500.485 
276434 14 0.623531 136.691 -4.30122 408.559 646.208 
277051 14 0.605007 3.73481 3.40879 421.666 636.824 
277051 14 0.533231 257.375 -0.277252 414.083 640.329 
277689 15 0.515195 66.7889 5.1037 403.925 636.368 
278006 14 0.548032 28.241 1.56343 418.534 639.81 
278973 15 0.614885 62.7913 14.7199 378.367 627.484 
279278 14 0.643543 33.6039 -2.09633 413.994 643.582 
279714 14 0.599292 382.843 -2.68632 558.336 426.451 
279714 14 0.589132 98.8223 -1.14663 599.719 425.964 
279927 15 0.534471 2.80194 4.1399 419.945 635.893 
280779 14 0.69002 131.058 -3.65704 481.652 645.4 
280891 71 0.558791 1.79819 1.23232 605.082 426.453 
280930 14 0.702294 3.41139 -0.50684 415.25 640.46 
281414 14 0.622438 34.4728 -2.12287 577.8 445.608 
281693 14 0.632284 2.91893 -1.15788 462.013 641.709 
281754 14 0.582317 26.2953 8.83328 584.488 416.358 
282912 14 0.574902 56.0279 2.74414 612.208 477.22 
283037 14 0.569269 -1.34188 -3.27245 580.867 427.463 
283717 14 0.59589 6.12648 2.28518 469.284 639.078 
283785 14 0.588983 1.50443 -3.8012 263.126 504.662 
283785 14 0.504248 8.17515 1.68155 152.574 497.622 
284282 14 0.558424 2.15175 0.329852 321.989 500.264 
284445 14 0.50816 7.80797 2.07336 577.988 639.137 
286503 14 0.508589 325.991 -17.54 389.703 683.707 
286553 14 0.609838 154.741 0.26783 463.519 641.791 
287347 15 0.573991 26.2045 2.17401 598.232 473.108 
287667 14 0.641997 5.50412 2.4251 457.913 637.687 
289222 14 0.647031 208.162 -6.51461 459.565 645.749 
289229 14 0.569865 0.135973 1.38823 481.167 360.84 
289343 15 0.51676 89.1509 8.06916 571.74 516.773 
289393 14 0.639963 39.7599 2.52689 469.077 639.004 
289741 15 0.645214 53.4724 3.58044 439.936 638.086 
290163 14 0.707616 55.9091 -0.16925 622.501 512.93 
290843 14 0.65268 5.12049 0.557283 623.921 427.585 
291634 15 0.510498 59.2176 1.34725 523.139 428.657 
292024 14 0.523484 104.615 -0.843628 579.038 614.507 
292060 14 0.556316 3.38692 -1.53116 612.934 429.812 
292488 14 0.628824 9.68983 2.24316 415.941 638.681 
293071 14 0.510693 33.9096 0.105588 466.92 335.154 
293245 15 0.599997 10.0514 12.5663 441.879 629.114 
293324 71 0.525033 45.2025 4.02773 330.818 636.495 
293625 14 0.504971 7.31079 4.62864 467.354 633.202 
294162 14 0.58744 12.824 -0.901995 612.672 481.425 
294695 15 0.509682 3.84992 -6.3109 401.953 642.811 
294855 14 0.659566 70.6809 0.306964 351.286 499.097 
295478 14 0.6496 10.1544 0.343857 608.854 512.223 
295797 15 0.681809 3.61282 1.83107 598.205 426.146 
296222 14 0.552255 132.443 -6.95042 453.505 647.985 
297353 14 0.629655 30.454 1.43332 623.838 638.083 
297578 14 0.543559 2.07878 1.15393 275.052 499.1 
297698 14 0.641112 124.762 6.16219 433.928 635.699 
298904 14 0.554255 28.0775 0.324669 617.841 479.418 
299553 14 0.680894 5.82457 -1.481 475.2 376.783 
299609 14 0.631512 26.8287 -3.08754 453.042 638.497 
299720 14 0.53274 280.936 2.51057 414.292 637.823 
300842 14 0.529649 0.862412 -2.51514 412.921 638.118 
302107 15 0.546231 46.3972 3.12609 599.607 425.559 
302760 14 0.659037 3.57607 1.54275 364.242 498.817 
302882 14 0.641389 21.4993 3.42436 396.293 497.01 
302990 15 0.569679 97.6621 3.48919 389.292 637.097 
303863 14 0.702527 145.552 -1.22307 278.895 643.92 
303908 15 0.538764 43.9068 0.323811 410.191 634.136 
304404 14 0.58642 8.24973 -5.81984 406.919 640.344 
304812 14 0.501734 9.55212 2.33841 622.367 426.14 
305695 14 0.553236 142.594 -3.16412 467.637 642.521 
305695 14 0.516229 281.229 -8.93162 461.879 651.058 
307074 14 0.586496 2.64355 1.87543 322.614 499.129 
307598 14 0.567142 16.9536 1.86663 420.607 639.191 
308328 14 0.582368 10.127 2.61786 457.87 638.657 
308391 14 0.595927 7.45471 -0.49746 318.584 496.093 
308587 15 0.550356 45.3413 5.36004 274.762 476.577 
308587 15 0.540649 111.526 52.3183 116.675 58.8132 
308587 15 0.53847 147.218 43.5733 152.694 50.7549 
308587 15 0.533964 145.863 51.4829 151.414 57.7581 
308587 15 0.530097 107.229 28.6051 113.014 36.5224 
308587 15 0.512649 166.907 423.483 173.408 428.928 
308799 14 0.567722 36.7311 -0.556905 473.581 374.398 
309484 14 0.510827 4.30563 2.20844 603.185 531.143 
309495 14 0.703774 13.8017 2.40845 494.664 323.937 
309938 14 0.556431 83.976 -0.642872 456.642 640.589 
310072 14 0.528368 46.1047 0.378056 371.63 639.197 
310200 14 0.589186 19.9763 -0.590763 465.305 637.211 
310622 14 0.639308 116.25 -7.44476 413.515 648.736 
310980 14 0.61983 23.0982 0.672894 393.92 638.17 
311002 14 0.579177 47.3947 3.33927 402.635 636.933 
311180 14 0.649602 160.684 -0.832272 613.798 481.492 
311295 15 0.526056 94.0335 52.7014 97.7179 59.1983 
311295 15 0.520275 93.3975 300.766 97.166 306.251 
311295 15 0.518328 71.7552 75.6819 75.14 81.9562 
311295 15 0.516289 73.7292 54.147 77.5104 60.3028 
311295 15 0.507604 91.3767 79.3171 95.348 85.2919 
311394 14 0.592542 210.18 -2.15913 596.835 484.28 
311883 14 0.583468 45.65 1.71181 284.178 639.713 
311928 14 0.521221 6.24525 4.27114 386.593 636.635 
312237 15 0.535899 10.8123 2.01197 245.624 496.969 
312340 14 0.528981 17.4108 4.82826 411.016 634.521 
312421 14 0.553318 112.033 3.50552 381.019 633.455 
312489 15 0.579325 62.2972 4.65037 311.791 493.35 
315257 14 0.733394 179.723 0.636101 494.191 642.242 
315450 14 0.691422 6.65511 -3.8735 419.107 640.623 
315492 14 0.506999 5.78505 1.28355 594.998 610.364 
316015 14 0.559747 6.82837 2.07958 387.203 498.29 
318080 14 0.549024 48.7094 0.504723 460.735 640.71 
319617 14 0.533169 47.8293 1.54829 230.833 317.394 
319696 14 0.724639 12.5862 -2.44282 312.906 499.089 
319935 15 0.56611 52.3169 18.1812 364.19 620.159 
320490 14 0.522013 2.99113 0.666676 419.183 639.537 
321214 14 0.591519 9.80455 3.14833 468.545 636.986 
321790 14 0.611632 111.29 0.898285 403.755 635.505 
322864 14 0.522173 36.649 -0.984948 617.203 427.316 
322944 14 0.514674 16.7951 2.28027 618.779 455.124 
322959 14 0.541927 3.72541 1.69915 572.975 611.504 
322968 14 0.65293 17.9682 -3.16469 594.597 484 
323151 14 0.605142 12.9316 3.21525 599.505 478.299 
323202 14 0.585906 12.0313 1.90577 612.338 474.911 
323496 14 0.752733 19.4968 0.299752 384.261 497.852 
323571 14 0.540568 20.3684 0.922553 623.231 477.25 
325114 14 0.584725 4.07789 1.95814 464.922 638.32 
325347 15 0.630975 7.58957 2.67767 342.511 635.998 
326082 14 0.529971 28.4614 -0.270462 417.728 639.852 
326174 14 0.542123 145.016 1.53643 450.492 640.787 
326248 14 0.636699 14.0924 -0.457077 407.376 640.218 
326542 15 0.59525 169.937 4.12771 447.216 639.176 
327601 14 0.524854 35.4987 -0.0778452 472.585 329.426 
327701 14 0.503455 278.176 4.86109 406.035 637.401 
328117 14 0.57494 22.3788 3.35682 617.868 477.932 
328430 14 0.60861 365.743 -2.25988 616.891 430.671 
328430 14 0.59345 85.2574 -0.174313 622.475 430.003 
328601 14 0.762662 16.8168 -0.06845 627.344 396.264 
328959 14 0.721302 234.869 1.89901 485.176 310.125 
329080 14 0.525805 10.8589 7.03863 459.381 633.458 
329542 15 0.507253 22.4205 0.68524 587.83 610.006 
329614 14 0.504799 -0.0461817 1.86805 201.843 499.411 
330369 14 0.59509 7.84856 2.85499 319.763 499.024 
330554 14 0.547415 8.07218 5.14603 361.959 495.617 
330818 14 0.692419 30.3028 1.01997 626.674 424.913 
331075 15 0.526603 46.9518 5.49625 575.019 634.815 
331280 14 0.671418 229.07 0.984907 358.8 499.701 
331569 32 0.581146 20.1869 -0.923679 596.927 611.849 
331604 14 0.6595 45.1204 -2.49161 411.351 644.405 
331799 15 0.52823 6.02209 2.66516 434.717 636.513 
332351 19 0.521238 164.063 113.924 169.67 124.535 
332570 14 0.559435 44.6404 -0.56585 484.599 391.315 
332901 14 0.556626 11.7333 2.71219 386.293 637.836 
333402 14 0.652589 224.469 -4.75471 392.125 651.479 
333402 14 0.562879 30.9763 -1.90821 408.727 639.435 
333745 14 0.663839 28.5222 1.84784 631.674 425.822 
333956 14 0.618383 22.5767 2.18247 622.021 426.241 
334483 14 0.554491 25.9113 4.91627 612.299 477.294 
334977 14 0.527747 20.739 -2.14222 313.609 643.595 
335177 14 0.645292 267.395 -3.00161 458.72 642.333 
335177 14 0.572558 64.6597 -0.791702 458.805 641.721 
335800 15 0.601536 20.077 12.0769 393.86 628.879 
336209 14 0.519768 228.967 -9.29609 404.383 648.901 
336232 14 0.746616 101.287 -2.06583 410.309 636.861 
336628 14 0.693144 9.43914 0.0187759 629.11 427.886 
338624 71 0.54225 1.01752 1.70889 331.373 639.423 
338718 14 0.518377 13.2614 0.0774413 429.408 499.854 
339823 15 0.66402 44.0133 5.33414 562.271 476.803 
340175 14 0.740458 55.4714 1.55058 381.944 636.668 
340451 14 0.516346 9.76946 -7.32708 337.659 649.359 
341469 14 0.680401 323.091 -5.20474 623.005 452.692 
342006 15 0.607464 130.232 203.286 137.125 208.911 
342006 15 0.603968 129.624 230.79 137.046 236.354 
342006 15 0.60147 142.916 133.504 149.292 138.733 
342006 15 0.599477 130.398 183.536 136.756 188.847 
342006 15 0.59474 143.917 109.832 150.713 115.445 
342006 15 0.594602 140.99 79.9065 147.954 85.817 
342006 15 0.593692 102.568 19.283 232.922 449.249 
342006 15 0.59253 128.371 254.649 135.799 259.966 
342006 15 0.586607 128.765 134.288 135.168 139.603 
342006 15 0.579587 127.192 280.75 134.564 285.997 
342006 15 0.579258 145.356 158.983 151.765 164.158 
342006 15 0.577927 142.287 64.9995 149.262 70.7376 
342006 15 0.577686 129.393 159.587 135.773 164.67 
342006 15 0.57638 126.356 302.226 133.425 307.224 
342006 15 0.575591 137.542 201.336 144.155 206.643 
342006 15 0.574893 142.373 180.342 148.561 185.335 
342006 15 0.573924 127.463 414.786 133.87 420.767 
342006 15 0.573307 125.184 320.637 132.245 325.718 
342006 15 0.56904 141.951 421.55 148.364 427.474 
342006 15 0.568348 122.813 374.202 130.058 379.608 
342006 15 0.564699 124.645 110.007 130.732 115.33 
342006 15 0.562923 141.115 400.533 147.385 406.461 
342006 15 0.562793 124.623 349.397 131.854 354.443 
342006 15 0.55537 139.956 348.669 145.948 354.405 
342006 15 0.555212 136.757 373.606 142.8 379.162 
342006 15 0.553244 137.483 278.97 144.211 284.104 
342006 15 0.55016 135.442 228.88 142.121 234.191 
342006 15 0.549917 129.08 85.4995 135.575 91.2696 
342006 15 0.549022 124.386 397.077 131.508 402.483 
342006 15 0.548946 172.478 58.6021 180.143 64.5909 
342006 15 0.545755 134.2 253.476 140.969 258.517 
342006 15 0.54512 133.382 303.176 139.892 307.915 
342006 15 0.544118 135.105 321.043 141.21 326.094 
342006 15 0.543083 168.803 135.394 175.326 140.999 
342006 15 0.541797 167.449 84.5387 174.819 90.2773 
342006 15 0.536659 143.741 37.2942 150.661 42.5992 
342006 15 0.53655 166.256 157.169 173.304 162.506 
342006 15 0.535965 128.938 60.381 136.018 66.3447 
342006 15 0.533409 141.832 435.378 148.11 442.018 
342006 15 0.529183 129.202 36.6593 136.689 42.2366 
342006 15 0.527126 160.052 -2.91132 265.753 356.833 
342006 15 0.526646 178.639 253.203 185.655 258.742 
342006 15 0.524716 163.071 108.919 170.399 114.466 
342006 15 0.518655 174.336 40.3297 181.537 46.1378 
342006 15 0.516403 175.232 372.697 181.455 378.475 
342006 15 0.503796 166.079 180.347 173.291 185.505 
342295 14 0.614728 20.0166 0.642362 476.856 330.213 
342397 15 0.611992 72.2616 5.72556 387.6 632.607 
343076 14 0.56943 32.9995 2.22995 626.469 478.009 
343218 14 0.708603 18.5609 -1.46561 407.8 638.47 
343524 15 0.531893 15.5602 3.6318 421.516 637.558 
343706 15 0.506201 43.147 11.0042 445.686 630.674 
343803 14 0.711515 69.7189 0.674673 614.697 423.93 
343937 15 0.524851 -0.55426 2.23124 398.371 637.97 
343976 14 0.607778 6.85557 -1.15332 359.578 501.589 
344268 14 0.52988 11.9304 0.121861 495.836 636.516 
344611 14 0.530474 82.0567 6.24947 390.897 627.374 
344621 15 0.545489 11.6193 4.42788 310.153 496.75 
344795 14 0.569342 8.09823 3.35051 357.122 636.949 
345261 14 0.653752 170.278 -0.244639 630.301 587.183 
345397 14 0.528443 4.51542 2.82085 367.239 497.133 
348012 14 0.575117 3.67179 3.7565 398.103 636.762 
348243 14 0.650714 7.05812 1.665 624.784 425.797 
349678 15 0.644297 122.764 3.42633 578.719 423.755 
349860 14 0.636752 5.394 -2.53796 411.089 642.564 
350023 14 0.634461 31.0462 -1.16486 471.73 642.219 
350122 14 0.513389 44.6527 1.6069 474.811 639.615 
350388 14 0.578163 0.99165 3.17541 599.365 478.233 
350405 71 0.571888 49.8175 1.07434 314.201 499.82 
350607 14 0.635081 2.11697 -0.946732 402.542 641.491 
351589 14 0.537733 263.846 -0.055542 403.046 639.597 
351823 14 0.603307 24.1809 3.63417 616.032 505.688 
352582 14 0.534662 110.692 -1.02171 610.816 426.629 
352584 15 0.543391 7.01818 1.06591 478.685 374.472 
352618 14 0.536381 63.6529 4.09864 417.147 637.275 
354753 14 0.645547 3.53537 1.6684 476.23 638.077 
355169 14 0.557542 1.41336 6.92568 447.372 637.754 
355257 15 0.534291 10.4162 -2.65533 402.687 637.668 
355677 15 0.509878 59.1717 12.7863 449.35 629.856 
355817 14 0.576972 204.497 -2.76936 309.408 638.294 
356094 14 0.585155 3.58403 2.31558 378.652 637.862 
356248 14 0.529286 8.29626 2.82221 615.319 476.898 
356432 14 0.554366 33.4238 0.665321 400.462 637.239 
357081 14 0.530245 57.6997 5.82043 403.262 631.311 
357238 15 0.612426 151.684 160.358 158.951 167.708 
357238 15 0.600229 151.167 134.441 158.476 141.714 
357238 15 0.587837 165.855 178.533 172.268 185.06 
357238 15 0.587803 151.394 183.039 158.891 190.885 
357238 15 0.582949 169.091 198.49 175.176 205.308 
357238 15 0.582121 170.504 223.989 177.264 230.783 
357238 15 0.578617 156.43 79.0355 161.799 84.3231 
357238 15 0.577046 153.028 113.806 158.911 120.094 
357238 15 0.575717 154.695 101.955 160.079 107.035 
357238 15 0.57303 163.452 165.474 169.427 171.347 
357238 15 0.56306 137.526 -3.98342 203.575 360.387 
357238 15 0.561105 148.311 197.682 155.165 205.167 
357238 15 0.557774 158.061 78.2081 164.186 82.9398 
357238 15 0.553358 162.788 56.6282 169.499 61.4115 
357238 15 0.552815 167.659 246.47 174.495 253.038 
357238 15 0.541579 149.606 55.4323 155.073 61.3668 
357238 15 0.537739 152.74 137.289 159.269 142.682 
357238 15 0.526445 154.571 101.136 160.591 105.78 
357238 15 0.521475 147.867 240.887 154.404 248.151 
357238 15 0.519089 153.288 116.059 160.008 121.692 
357238 15 0.515253 166.344 30.3757 172.751 35.3135 
357238 15 0.510184 148.226 220.206 155.301 228.064 
357238 15 0.508393 164.351 370.33 171.297 376.49 
357742 14 0.556808 371.345 2.27596 606.819 430.206 
357816 15 0.547538 14.4774 -1.4881 425.88 500.264 
357903 14 0.554953 31.5031 0.874786 598.868 475.396 
357941 14 0.685317 67.7585 0.883564 369.66 499.356 
359781 14 0.67164 307.822 13.2832 460.126 640.139 
359833 14 0.604569 112.416 0.982819 627.029 480.159 
359937 15 0.604156 5.50527 4.62065 448.416 638.461 
360137 14 0.579339 247.221 4.68092 628.666 638.065 
360943 14 0.732863 6.35391 0.600374 626.326 500.109 
360960 14 0.72619 55.5235 0.764337 634.774 426.182 
361142 14 0.536536 69.5747 -0.127043 602.552 462.304 
361180 14 0.65336 17.0723 2.65652 416.751 638.56 
361268 14 0.525125 3.06723 5.00805 455.151 637.142 
361730 14 0.535618 21.984 -0.114746 470.515 641.066 
362520 15 0.604977 123.61 1.75043 591.183 422.96 
362682 14 0.606971 20.7074 2.70357 399.44 638.261 
362716 14 0.694062 10.0286 4.53022 398.209 638.576 
364102 14 0.637959 78.2865 1.30457 393.443 641.119 
364126 15 0.573298 42.0325 7.18828 391.619 634.677 
364297 14 0.602578 13.3422 3.06854 414.534 637.317 
364557 72 0.565746 7.72601 2.77878 401.244 638.961 
364587 14 0.500628 5.1019 0.503025 414.288 640.118 
365098 14 0.575006 64.3915 -2.91229 402.873 643.331 
365207 14 0.544597 7.371 3.09763 571.402 637.144 
365642 14 0.603985 15.5952 1.4418 614.947 424.856 
366199 14 0.527994 5.24173 2.35415 416.015 638.174 
366225 14 0.748799 4.64256 -1.16566 615.678 542.462 
367195 14 0.680104 2.5606 -0.276983 287.222 500.692 
367386 14 0.540268 36.9801 3.81258 461.257 636.494 
367818 14 0.527896 16.468 3.8656 393.546 634.899 
368456 14 0.599723 17.0617 -3.40132 459.961 638.004 
369081 71 0.531443 138.588 5.48359 397.133 638.088 
369541 14 0.734179 23.3772 -1.85122 455.739 377.422 
369751 14 0.526536 26.7671 4.20801 607.364 422.357 
369757 14 0.513723 30.0194 -0.161877 469.647 639.494 
369771 15 0.576545 26.1362 1.13363 448.199 638.413 
370375 14 0.558073 83.1104 5.12418 583.915 422.994 
370818 14 0.573844 23.3425 1.75358 624.554 470.631 
370900 14 0.594781 12.2824 2.79295 457.918 635.368 
371042 15 0.621401 143.804 23.3528 267.518 628.661 
371042 15 0.554882 179.343 149.746 183.902 157.355 
371042 15 0.544834 180.357 460.528 184.697 469.517 
371042 15 0.543895 181.781 175.07 186.434 183.574 
371042 15 0.540619 151.417 136.303 228.467 616.665 
371042 15 0.535743 183.596 554.098 187.756 562.463 
371042 15 0.535433 180.054 532.494 184.734 539.962 
371042 15 0.527128 181.102 430.768 185.611 439.455 
371042 15 0.52284 182.602 496.45 187.077 505.192 
371042 15 0.511337 178.709 211.167 183.549 219.208 
371042 15 0.502317 178.159 237.092 183.4 245.101 
371529 14 0.51335 23.9027 1.02397 599.972 509.512 
371677 14 0.525191 10.2977 -0.745468 447.388 638.119 
372260 14 0.507384 13.6379 -0.158306 597.516 426.187 
372466 14 0.609263 1.90534 -3.99464 335.788 644.089 
372577 14 0.618555 88.4676 -0.212531 590.355 479.153 
373315 14 0.563814 16.038 2.75446 613.494 474.377 
373382 14 0.662201 78.9369 -4.33431 606.089 484.817 
373705 14 0.739961 129.475 0.193558 411.696 641.41 
374052 14 0.578682 28.3247 -0.166855 411.258 641.045 
374083 14 0.535148 8.04304 2.59345 620.928 423.435 
374369 14 0.549126 10.9529 -1.59584 447.453 642.898 
374545 14 0.55606 51.3009 2.37487 608.824 545.285 
374551 15 0.617324 10.7042 9.43752 285.08 492.037 
375078 14 0.55438 11.1978 0.152421 621.88 479.705 
375278 14 0.589845 4.74367 1.12748 466.633 332.485 
376112 15 0.501586 122.173 12.6225 482.945 417.069 
376310 32 0.570604 8.0027 -1.30917 443.498 636.623 
376365 15 0.525506 11.1888 2.2468 362.208 497.796 
376900 14 0.679638 132.641 -3.65212 615.211 484.544 
377113 14 0.507478 1.8388 3.54557 402.732 638.23 
377497 14 0.5794 189.395 -0.94049 612.411 434.41 
377635 14 0.532228 224.972 7.65913 400.453 629.793 
377635 14 0.514005 14.2264 -3.12405 329.313 639.072 
378244 14 0.626018 193.331 1.12412 620.017 426.891 
378284 14 0.548568 3.49356 1.68692 408.098 638.684 
378605 14 0.550228 21.8055 0.0227889 618.416 422.839 
378673 14 0.548124 14.4681 0.700893 402.273 638.326 
379800 14 0.614736 22.4609 3.39336 477.235 637.112 
380711 14 0.51909 25.7227 2.77011 590.853 610.116 
381587 14 0.526631 8.35985 2.48066 611.874 425.799 
382009 14 0.593316 45.643 -4.52965 410.381 644.068 
382030 14 0.559616 5.25045 0.929773 361.799 499.574 
382743 15 0.612207 4.72528 2.60193 444.881 635.765 
383339 14 0.623926 5.37266 5.22455 423.451 635.211 
383621 14 0.71188 21.7021 1.19917 421.884 640.041 
383838 32 0.505055 26.3182 -10.1374 591.501 644.903 
384670 14 0.620298 -0.944109 4.55294 438.464 638.815 
384808 14 0.744391 7.56429 1.56077 490.797 373.729 
385029 14 0.543971 60.4948 -1.14838 459.374 641.485 
386210 14 0.547507 5.44901 1.12827 621.819 477.09 
386879 14 0.709142 156.936 -1.59485 632.28 428.848 
387383 14 0.512448 9.18742 5.16354 474.709 635.674 
387387 14 0.634479 37.3489 0.708294 465.269 640.695 
388056 14 0.6237 58.7539 -0.914037 321.284 502.721 
388215 14 0.579377 237.881 4.16836 401.741 640.185 
388258 14 0.548714 10.751 -1.14084 451.084 637.411 
388846 14 0.712151 95.4931 -1.72846 409.653 638.326 
388927 14 0.563605 108.395 -0.756226 607.176 481.833 
389381 14 0.5739 9.76651 2.08864 534.14 638.052 
389451 15 0.63894 145.022 12.2307 323.807 631.113 
389566 14 0.544529 275.413 -2.68633 414.751 637.093 
391290 15 0.56375 50.4223 2.84847 288.148 628.453 
391375 14 0.539244 278.47 0.985947 435.708 644.773 
392228 14 0.673615 174.893 -3.65291 560.129 479.929 
393056 14 0.544851 129.7 0.847816 460.981 641.352 
393093 14 0.638065 146.086 -13.4723 302.067 635.027 
393093 14 0.630871 122.048 2.4655 409.013 640.244 
393093 14 0.558019 132.372 -0.408974 248.714 636.235 
393115 14 0.582282 5.3336 -0.233755 626.216 630.517 
394275 14 0.50388 261.785 -1.5044 385.258 643.215 
394510 14 0.5802 4.20135 4.91688 456.365 638.093 
394559 14 0.687188 118.76 -3.04922 600.004 429.867 
394940 14 0.52767 93.8968 2.66868 590.222 424.644 
395633 15 0.598844 3.09421 22.7532 200.614 627.954 
395633 15 0.561413 21.3724 45.0632 117.283 583.297 
395701 14 0.546911 84.6818 -1.1375 466.53 642.935 
396338 14 0.55092 45.7664 -0.0605011 413.135 641.976 
396903 14 0.588728 249.403 1.65272 413.965 636.16 
396903 14 0.549263 1.63341 3.89305 411.317 638.005 
397133 14 0.559076 124.345 0.377083 394.923 642.276 
397279 15 0.616402 1.14114 8.15859 394.176 629.075 
398438 14 0.541465 8.39153 2.59319 311.77 498.287 
398742 14 0.506918 11.384 1.10466 621.697 426.499 
399655 14 0.5216 8.66579 3.74809 357.122 496.838 
400044 14 0.670473 231.587 2.07998 615.799 483.112 
401244 14 0.64181 59.5128 1.57077 606.071 423.487 
401862 14 0.572298 254.001 -7.24419 465.568 643.815 
401862 14 0.547502 67.0236 -0.474777 464.469 641.274 
402096 14 0.521639 129.096 -2.69608 603.155 475.513 
402334 15 0.559038 39.1869 7.78599 607.167 419.65 
402433 14 0.557054 5.72547 2.34703 414.414 637.806 
402765 14 0.748545 3.12619 1.74233 371.433 498.361 
403122 15 0.518174 132.784 1.27519 455.86 425.458 
404128 15 0.545283 69.5223 3.009 417.032 635.521 
404191 14 0.635535 13.9812 1.22496 493.341 372.808 
404601 15 0.599639 70.4402 6.17628 572.838 474.447 
404805 15 0.674939 58.6789 3.40691 394.147 633.444 
404922 14 0.63662 23.9367 1.20166 489.579 367.604 
405205 14 0.566505 12.506 3.21515 390.272 548.626 
405279 15 0.598702 64.9049 8.5033 434.044 633.144 
405970 14 0.553495 5.35586 0.72052 415.942 636.534 
406129 14 0.726717 186.163 0.131457 628.185 428.865 
406611 71 0.553201 105.003 7.0999 452.654 635.008 
407518 14 0.547287 50.3083 0.26577 400.142 639.817 
407646 15 0.608448 25.6784 4.82698 374.063 497.257 
407825 14 0.68249 4.65907 1.50419 491.984 497.56 
408774 14 0.65724 91.4903 -7.4805 300.096 502.196 
409211 14 0.73958 42.5912 -6.24336 401.442 647.706 
409358 14 0.574003 2.47981 1.89425 607.456 609.451 
409867 14 0.613871 20.8721 0.430992 616.706 427.834 
410221 15 0.519675 10.7621 6.72229 568.26 617.542 
410510 14 0.69992 58.3318 -5.91743 425.543 647.093 
410650 14 0.736817 168.501 -5.03094 465.003 645.972 
410712 32 0.513625 11.7661 0.21759 406.926 635.754 
410878 15 0.579133 39.0609 7.83667 400.807 633.847 
412240 14 0.641274 53.067 1.74031 367.067 494.961 
412286 14 0.650346 92.9513 -3.05607 479.555 336.754 
412531 14 0.515235 258.299 3.60744 420.173 636.651 
412894 14 0.581605 69.187 -0.646867 625.647 428.382 
413247 14 0.573181 10.1125 4.17816 418.922 636.108 
413552 14 0.536207 5.64997 1.86596 633.311 423.934 
414034 14 0.501599 2.14535 4.53087 450.227 638.775 
414340 14 0.516543 20.6533 1.03081 619.973 426.203 
414385 14 0.622539 101.894 -5.31029 455.475 646.259 
414510 14 0.529531 14.5461 -0.919733 612.664 478.186 
414638 14 0.548285 6.92029 1.62973 568.678 611.013 
414673 15 0.58173 23.2646 9.52622 290.6 491.092 
415536 14 0.713891 279.86 6.75428 455.16 643.503 
415727 14 0.514697 268.612 -4.89923 464.645 643.57 
416343 14 0.613396 161.466 1.30082 616.792 419.297 
416451 14 0.596865 3.42699 1.67595 461.381 638.83 
416534 15 0.520666 10.8676 12.5291 332.455 631.104 
416758 14 0.528359 29.4821 4.47235 459.214 636.874 
417043 14 0.544219 217.898 -6.42029 454.082 633.816 
417085 14 0.528797 186.864 -4.44921 346.101 641.949 
417249 14 0.570638 6.46259 2.45223 628.847 477.8 
417779 14 0.552288 129.579 7.86011 428.993 632.996 
419096 14 0.62989 95.511 -0.179545 583.702 609.408 
419201 19 0.543723 119.654 205.359 124.587 217.29 
419201 19 0.534271 119.39 170.908 124.391 182.257 
419201 19 0.529326 132.492 371.162 136.685 380.002 
419201 19 0.519943 117.142 332.672 120.773 340.818 
419201 19 0.515671 131.213 419.485 135.985 429.592 
419201 19 0.513933 118.733 371.367 122.254 380.378 
419201 19 0.510849 119.042 242.118 123.654 252.336 
419201 19 0.504622 118.974 406.382 122.749 415.77 
419201 19 0.502004 119.216 139.767 123.588 148.894 
419201 19 0.501788 131.178 408.457 135.985 417.744 
419408 15 0.60795 15.4869 5.17204 363.044 635.626 
419974 14 0.58447 59.7934 1.32816 615.209 425.919 
420281 14 0.658025 4.75185 0.180502 612.301 480.174 
421757 15 0.560498 118.467 562.244 122.893 569.346 
421757 15 0.555895 95.2327 8.46724 202.325 625.992 
421757 15 0.54295 119.614 530.167 124.821 539.295 
421757 15 0.530194 129.393 556.396 133.739 564.299 
421923 14 0.651888 31.5797 0.774913 624.031 425.902 
421923 14 0.597981 306.203 -1.59777 617.155 426.872 
423104 15 0.564778 271.698 9.69539 399.959 419.888 
423519 14 0.567188 5.13681 -0.797594 607.949 460.962 
423617 14 0.522316 49.5996 4.26947 462.398 637.197 
423798 14 0.528424 215.623 -0.104256 312.628 639.92 
423944 14 0.639169 156.995 -0.735237 620.705 449.718 
424551 15 0.550646 51.3928 5.35025 453.054 635.247 
425227 15 0.539019 28.1419 3.1573 473.237 426.786 
425227 15 0.513237 103.488 292.843 108.916 297.083 
425227 15 0.509878 68.5823 33.475 73.7192 37.8959 
425227 15 0.500878 64.8172 59.0918 69.4945 64.4385 
425390 14 0.547837 5.7881 0.375107 369.737 499.445 
425906 14 0.666013 71.0859 5.33955 626.577 460.401 
425906 14 0.538978 390.186 2.66411 619.565 459.249 
425925 15 0.555739 10.5234 3.12584 435.611 634.945 
426253 14 0.747947 50.2807 -0.779381 424.455 641.619 
427077 14 0.7196 6.6084 0.0555658 493.853 343.977 
427256 14 0.56232 19.5041 1.09455 507.622 639.101 
428111 15 0.544127 2.09115 3.23788 400.619 636.132 
428867 14 0.572915 33.2782 -0.696421 326.603 501.326 
429011 14 0.532181 19.8078 -1.7152 325.961 642.795 
429109 14 0.680458 50.3108 -0.143452 420.186 637.055 
429623 14 0.507949 48.5126 5.91709 441.116 633.73 
429690 15 0.528869 42.0372 1.71787 388.965 632.876 
430056 14 0.671971 13.3048 2.03522 368.776 498.378 
430961 14 0.595488 9.78504 -0.160664 304.493 450.746 
431545 15 0.617432 13.531 1.14857 322.282 495.892 
431693 14 0.586996 2.41356 3.07985 402.382 638.401 
431848 14 0.764539 47.0001 -2.01516 609.861 377.79 
432898 71 0.561445 12.5407 3.39915 428.484 500.044 
433374 15 0.611604 93.4199 90.2381 300.477 580.908 
433515 15 0.505294 101.729 2.08782 302.37 634.399 
433774 14 0.595966 137.356 -0.178566 377.823 635.997 
434297 14 0.60551 3.37532 2.31436 463.375 639.023 
434548 15 0.525227 33.75 -1.61037 451.224 639.769 
435205 14 0.536416 2.74656 1.07017 327.631 498.767 
435206 15 0.575238 94.6974 10.1784 410.08 630.724 
435208 14 0.587263 83.3209 -0.0267792 617.53 481.577 
435299 14 0.681621 40.2166 3.80192 459.945 637.13 
436315 14 0.535701 397.583 -1.42823 613.95 480.277 
436551 14 0.626155 2.05997 -1.92915 425.564 638.664 
436738 14 0.660109 113.899 -3.11601 465.741 503.805 
437110 14 0.50113 58.6092 2.03462 602.691 475.152 
437392 14 0.527607 9.45435 2.10292 616.744 475.425 
438304 14 0.639219 44.2093 -2.09933 620.534 467.114 
438876 15 0.538709 28.252 11.2462 318.387 481.289 
438907 14 0.653789 14.2124 -1.01623 631.698 458.273 
439522 14 0.691919 3.49253 -2.28207 605.137 430.66 
440507 14 0.563478 32.9079 0.368774 370.977 499.657 
441247 15 0.577882 52.2396 7.52386 399.563 631.913 
441442 14 0.534856 113.593 -5.02778 366.181 603.587 
441543 15 0.537955 45.96 3.17282 379.269 636.923 
441553 14 0.651033 7.01627 -0.779037 475.58 640.255 
441586 15 0.537155 11.624 5.06458 393.743 635.228 
442456 15 0.564171 36.5184 8.33342 339.455 635.027 
442463 72 0.651073 3.08798 2.99428 611.911 478.395 
442480 31 0.540021 125.706 5.48199 398.171 632.419 
442661 14 0.578864 3.17422 0.988808 448.649 639.552 
443426 14 0.589786 9.82641 -0.536871 613.264 480.915 
444142 14 0.712606 165.563 -3.378 616.014 427.348 
445999 14 0.703868 7.04216 2.11126 632.542 408.756 
446206 14 0.608105 50.582 -2.49126 366.582 643.203 
446207 14 0.616115 250.157 2.37659 468.087 640.661 
446207 14 0.579177 12.8346 4.06466 473.837 636.404 
446522 14 0.553489 2.88546 1.31873 619.901 479.324 
447187 15 0.647268 51.5589 3.85979 449.708 634.683 
447314 15 0.548863 5.63721 8.45972 429.221 633.084 
447611 14 0.512847 1.15629 4.4214 312.747 498.113 
447789 14 0.532906 88.4582 -4.84138 402.9 646.289 
449432 71 0.614337 80.3672 1.80592 401.786 640.048 
449579 32 0.515057 30.7522 4.45601 392.878 636.963 
450100 14 0.636692 2.4789 1.36252 614.14 479.544 
450202 14 0.533328 47.7235 0.604279 490.22 374.59 
450303 14 0.654207 2.8837 -3.5561 455.199 643.62 
450439 15 0.695086 17.646 2.25841 215.125 494.237 
450686 14 0.563791 81.6789 -3.36707 586.642 514.91 
451144 14 0.726364 152.353 -1.17226 470.053 642.746 
451308 14 0.569351 5.32421 1.21667 632.873 439.513 
452084 14 0.623173 6.93638 2.3885 629.011 638.042 
452122 14 0.524095 16.133 -3.62001 407.643 639.723 
452321 14 0.712186 86.3656 -2.5355 460.223 640.114 
452784 14 0.714129 60.5111 1.21964 610.728 476.987 
453584 14 0.57046 44.017 -0.440369 351.262 635.926 
453634 14 0.578132 358.521 3.1994 608.652 481.748 
453722 14 0.589613 11.1567 -1.90735 411.875 642.883 
453841 72 0.694841 -1.06983 -5.22123 325.418 500.65 
454404 14 0.636684 143.358 -0.479202 508.407 641.268 
454661 14 0.551427 2.53154 -0.99287 413.898 640.85 
455157 15 0.530567 51.037 12.7999 498.689 632.503 
455352 14 0.597742 2.34062 -1.59794 505.36 642.25 
455448 14 0.623172 25.3103 -0.694839 590.718 479.57 
455597 14 0.535026 6.3456 4.04722 428.756 636.405 
455624 14 0.524888 46.4248 -2.57195 401.901 644.218 
455981 14 0.509789 3.8661 0.873499 613.526 478.258 
456015 14 0.516758 31.4092 -1.40522 387.312 643.16 
456292 14 0.664045 20.1247 -0.278578 620.246 480.841 
456303 14 0.611227 305.837 0.761755 484.343 320.536 
456865 14 0.608871 215.858 0.716248 408.722 643.946 
456865 14 0.587856 17.9286 1.13934 410.771 632.103 
457262 14 0.50233 5.80203 4.87268 578.829 608.019 
457559 14 0.543389 57.5821 -0.759258 395.53 634.431 
458109 14 0.57102 56.2658 -1.62064 457.497 640.046 
458223 15 0.572793 37.3161 6.08776 314.547 633.961 
458255 14 0.529273 18.6089 5.84227 403.039 635.434 
458663 15 0.553901 109.922 6.58216 393.396 635.752 
458702 14 0.666207 32.5845 1.54557 597.124 425.943 
458768 14 0.546092 3.46025 0.195141 412.205 638.189 
458790 14 0.516505 23.5045 -0.350088 357.493 501.854 
459500 14 0.700501 278.047 -0.196271 489.492 376.294 
459809 14 0.592063 24.6115 2.58657 421.7 638.17 
460683 14 0.506484 18.8211 1.77794 624.031 477.42 
462576 14 0.515438 35.1358 1.33677 462.674 636.181 
462643 32 0.527955 2.65308 0.809648 622.215 424.397 
463037 14 0.65489 29.0573 2.93289 424.877 638.783 
463174 14 0.561687 11.3306 2.83525 412.654 638.206 
463618 15 0.536947 51.1156 20.6656 385.431 623.562 
463842 15 0.623174 80.2233 3.40355 444.996 637.388 
464089 14 0.602593 117.823 -3.70953 460.587 646.122 
464144 14 0.638208 125.183 -3.88141 617.579 431.053 
464476 14 0.623996 27.0574 1.46991 357.472 497.324 
465179 14 0.639133 171.773 -2.07373 486.953 377.455 
465549 15 0.524373 2.74574 8.53148 410.639 628.031 
465675 71 0.518445 0.145265 4.52309 353.688 636.238 
466256 15 0.607983 5.56141 8.11327 397.731 633.694 
466416 14 0.61682 39.7557 -0.0735474 417.995 640.135 
466567 14 0.685881 94.0822 -1.95488 612.748 482.823 
466602 14 0.663083 5.98492 1.71196 629.107 478.018 
467315 14 0.535479 3.82452 4.38557 411.069 632.887 
467511 15 0.519159 36.6532 2.3226 604.384 413.639 
467848 14 0.630116 51.8115 1.89693 469.651 635.747 
468233 14 0.622391 0.691743 0.198483 391.019 596.762 
468245 14 0.516886 13.8339 1.62214 415.985 638.293 
468577 14 0.608281 9.43689 1.2161 590.045 611.165 
469174 14 0.55276 13.0188 -1.89371 423.451 637.455 
469652 14 0.566332 4.70699 4.07068 434.693 635.86 
469828 71 0.539145 27.7079 2.7949 456.826 637.714 
471567 15 0.529163 103.511 13.804 367.241 626.661 
471756 14 0.569168 38.9858 8.23851 413.232 635.324 
471789 14 0.522632 11.235 2.52798 471.395 638.118 
471869 15 0.665386 36.411 4.44703 462.209 409.799 
472678 14 0.74653 109.387 -1.24428 471.554 640.434 
473118 14 0.667748 73.2869 1.04584 473.655 345.348 
473121 15 0.542432 17.3821 -2.75828 310.41 498.12 
473237 14 0.593277 3.10443 1.92743 409.679 638.696 
473821 14 0.68338 2.22702 -0.608906 325.861 500.419 
473869 14 0.504511 77.6036 -0.0753403 401.386 641.717 
474028 15 0.525958 96.5178 10.6779 411.974 631.196 
474039 32 0.551567 3.08738 1.57673 393.66 638.154 
474078 14 0.567058 227.973 -1.01627 464.548 634.889 
474095 14 0.617287 3.19895 1.94655 466.679 331.921 
474854 14 0.533555 117.825 0.167278 617.152 425.004 
474881 15 0.603127 32.2274 16.4925 427.642 630.117 
475064 14 0.625242 16.5691 0.784969 413.613 639.741 
475191 14 0.662925 1.43908 2.61189 454.346 639.547 
475572 14 0.532367 4.38584 0.164661 420.993 639.851 
475732 64 0.537969 7.90332 -5.65369 457.25 641.67 
476258 15 0.564466 10.1654 1.6526 355.927 636.935 
476491 14 0.621966 3.85994 -1.33836 476.575 337.25 
476514 15 0.519765 8.34019 2.04263 604.525 423.489 
476704 15 0.519556 18.6258 4.98123 404.932 634.277 
476770 14 0.647878 67.0395 3.2448 408.724 634.127 
476787 15 0.577179 38.9215 7.05095 437.021 628.165 
476810 14 0.610505 125.89 3.54841 368.809 627.904 
477441 14 0.501901 83.1174 -0.258102 453.905 640.524 
477623 15 0.524767 56.2031 9.28139 453.005 631.865 
478286 14 0.752981 158.42 1.6515 461.14 640.929 
478420 14 0.549389 26.4814 1.84432 602.946 478.413 
478862 14 0.626144 13.0465 -2.4353 463.179 643.018 
481159 14 0.679644 81.1009 -1.07487 451.433 640.399 
481480 14 0.727773 147.557 -1.69155 438.048 643.085 
481567 15 0.511425 144.299 13.7338 363.271 628.92 
482436 14 0.642061 3.90277 -0.793877 386.089 640.795 
482477 15 0.613039 42.1813 2.96228 596.219 488.826 
482917 14 0.598016 3.93699 1.94058 359.537 498.622 
483050 14 0.518002 25.7515 2.15479 466.901 639.287 
485027 14 0.570339 174.348 0.173489 621.73 337.798 
485027 14 0.516697 350.246 -3.5863 626.596 338.986 
485130 14 0.556417 8.51712 3.05964 449.857 638.474 
485480 14 0.608222 41.6086 1.18053 275.3 640.979 
485802 14 0.619218 32.5645 -0.781324 590.17 427.706 
485844 71 0.501405 2.078 3.51688 375.325 567.445 
485972 14 0.674101 30.7374 1.08984 615.568 425.287 
486104 14 0.593801 98.4389 -4.40264 360.636 505.228 
487583 14 0.613117 13.24 -1.26707 615.502 424.341 
488075 14 0.535254 6.42567 3.7009 464.514 635.462 
488166 14 0.530623 24.1495 0.762443 628.317 360.432 
488385 15 0.639436 22.8369 5.66637 593.28 477.807 
488592 14 0.506326 437.877 2.13724 620.445 479.404 
488664 14 0.596175 265.843 0.402882 470.054 629.826 
488664 14 0.507546 20.3473 1.8559 475.212 627.824 
488673 14 0.565244 3.42827 0.524554 626.203 480.059 
489014 14 0.569082 65.1166 -1.30093 457.243 642.092 
489611 14 0.53406 18.0791 2.66109 601.57 636.553 
489764 14 0.594288 4.66606 2.19332 525.747 638.003 
489924 14 0.644848 8.86975 3.75421 578.277 607.943 
490125 14 0.533975 1.63707 2.72666 314.176 499.018 
490515 14 0.563819 6.43187 1.28786 403.587 638.084 
491071 14 0.710968 14.7765 -1.55552 612.005 416.02 
491090 15 0.517636 28.6404 3.8583 606.403 474.147 
491130 15 0.567855 110.307 4.05155 601.094 437.308 
491216 14 0.543561 5.67022 0.672612 620.7 480.235 
491470 14 0.516895 17.2003 5.05449 459.318 367.397 
491757 14 0.669466 4.11235 0.36665 457.233 639.636 
491867 15 0.532928 30.5384 4.66464 595.812 476.134 
492077 15 0.560943 20.9209 7.44413 453.532 633.308 
492110 14 0.630912 114.377 2.61784 405.379 645.647 
492758 14 0.570396 10.6033 2.22368 414.366 638.575 
492878 15 0.602203 35.4953 9.57678 594.836 637.164 
492968 15 0.618078 21.851 2.16896 396.713 639.066 
493286 14 0.540071 42.8433 -2.33074 341.439 640.184 
493334 14 0.72309 33.398 4.96796 301.156 497.604 
493566 14 0.724218 55.5488 -7.14037 206.656 645.515 
493772 32 0.585889 2.31647 -6.12709 621.903 643.084 
493905 14 0.697038 86.5543 3.45182 604.863 566.001 
494759 14 0.584978 7.08728 -1.86764 457.068 642.418 
494863 14 0.510119 46.8098 4.71548 431.956 632.783 
495448 14 0.622846 30.1495 0.0880623 616.558 480.913 
496571 14 0.529287 -1.25109 2.39792 618.445 424.75 
496954 15 0.536945 6.26159 8.47849 455.255 635.553 
497867 14 0.526144 141.134 1.57602 284.81 637.015 
498709 14 0.650427 220.697 -2.15866 417.452 645.159 
498807 15 0.508493 26.2774 5.76338 405.301 634.162 
499031 15 0.581618 11.3325 6.98902 574.448 420.339 
499266 14 0.725582 94.7943 1.9198 472.977 639.025 
499622 15 0.633864 110.213 4.48078 384.84 406.903 
499775 14 0.588209 17.3001 0.516644 445.178 636.567 
500049 14 0.648042 60.1361 -5.65426 400.78 636.938 
500257 15 0.502237 114.499 6.55651 259.727 491.274 
500270 72 0.545708 35.1897 -1.52407 397.615 636.719 
500423 14 0.723779 40.105 -1.97363 414.208 637.886 
500478 14 0.741711 28.126 -0.100824 605.087 327.511 
500613 15 0.562832 66.5183 6.38872 408.386 634.989 
501243 14 0.531856 6.62127 -4.13719 324.875 646.471 
501368 15 0.588452 5.46908 2.14764 461.973 373.761 
502136 14 0.505059 4.21831 2.48066 406.798 498.486 
502168 15 0.670813 66.7019 558.685 70.9068 566.378 
502168 15 0.652213 65.7215 591.733 70.2708 598.83 
502168 15 0.640031 71.8736 434.771 76.6925 442.677 
502168 15 0.638187 67.7411 559.227 72.1788 565.895 
502168 15 0.635399 66.9309 520.064 71.4492 527.534 
502168 15 0.634274 68.2416 504.694 72.9407 511.839 
502168 15 0.632313 71.6362 361.263 76.7576 369.176 
502168 15 0.630885 72.5209 392.596 77.072 400.659 
502168 15 0.62665 68.437 468.614 73.1063 475.393 
502168 15 0.624797 68.5666 518.801 73.7119 525.909 
502168 15 0.621597 68.1783 594.286 72.8673 601.117 
502168 15 0.620595 69.25 435.301 73.9573 442.438 
502168 15 0.61784 70.7079 468.415 75.5393 475.573 
502168 15 0.615809 69.7887 499.731 74.9 506.76 
502168 15 0.605404 69.8517 395.689 74.3309 403.033 
502168 15 0.598094 71.8998 346.176 76.5792 354.217 
502168 15 0.595076 70.9304 371.559 75.4125 378.602 
502168 15 0.589545 72.1744 305.755 77.0151 315.161 
502168 15 0.573256 72.8662 268.464 78.2871 281.784 
502168 15 0.569457 63.7263 37.5896 68.3976 44.8038 
502168 15 0.560821 60.7701 75.5232 65.0747 83.5965 
502168 15 0.558838 62.4259 624.306 69.3731 630.959 
502168 15 0.555048 48.2077 37.3303 108.559 622.205 
502168 15 0.548832 71.4612 308.544 76.3843 316.97 
502168 15 0.513378 74.542 39.9451 79.3401 47.0191 
502168 15 0.506805 71.4146 272.501 76.3972 283.127 
502336 14 0.509552 16.4715 2.2109 394.454 637.156 
502599 14 0.641893 67.8879 -1.43759 400.752 639.914 
502732 14 0.660542 3.29819 0.257635 626.932 480.297 
503855 15 0.525588 44.385 4.87003 332.193 636.23 
505451 14 0.612008 87.1304 1.48467 259.487 443.958 
506279 71 0.502781 0.0273705 -0.0255203 555.089 641.144 
506656 14 0.554271 9.55193 0.736923 452.557 639.068 
507015 15 0.501074 106.117 20.5906 345.333 617.943 
507223 14 0.515077 88.4065 -2.99197 608.095 483.703 
507975 14 0.670552 130.551 -1.91624 463.629 639.339 
508312 14 0.582495 4.30002 2.59773 324.01 497.58 
508482 14 0.551849 31.6811 2.2306 594.876 475.558 
509008 14 0.530188 62.8886 2.23082 415.81 638.651 
509699 71 0.623552 0.674993 3.47038 408.575 638.229 
509824 14 0.678878 55.6377 -2.22736 625.384 643.787 
511321 14 0.53608 56.7559 -0.225459 594.439 424.649 
511453 14 0.518918 13.7328 7.449 272.98 610.861 
511647 15 0.509223 19.7421 14.5327 449.825 620.207 
512194 6 0.535695 -0.959818 -0.90683 464.59 634.717 
512248 14 0.594334 115.166 1.78305 613.357 474.66 
512330 14 0.618578 101.011 0.296802 622.326 427.176 
513041 14 0.644688 3.14601 -0.199432 460.49 640.637 
513181 14 0.512634 49.1786 6.44512 381.342 635 
513580 14 0.645706 104.312 -6.83498 460.806 647.643 
514508 14 0.624802 91.3048 5.42877 465.53 636.951 
514797 15 0.532209 6.47175 3.29861 410.941 635.415 
515350 14 0.653694 30.7126 1.93489 420.509 639.448 
515445 14 0.697924 3.66334 -3.77331 448.837 644.318 
515577 71 0.566096 19.181 3.71483 306.688 493.368 
516143 14 0.57543 115.315 -9.4029 448.533 647.465 
516143 14 0.566707 232.817 0.897942 413.076 637.3 
516173 14 0.706053 125.526 -1.0026 589.076 405.031 
516871 14 0.66718 8.87223 2.16656 398.655 638.89 
517523 14 0.561445 8.06518 -0.365276 413.323 638.787 
517832 14 0.519869 125.007 -2.8986 588.551 639.531 
518326 14 0.734043 120.716 -7.88988 458.709 640.353 
519039 14 0.612332 165.354 -0.123215 283.008 645.695 
519491 15 0.518463 187.2 11.8062 469.158 474.879 
520077 14 0.610031 11.6834 -1.14796 415.414 641.651 
520301 14 0.680517 55.0188 0.172462 629.578 480.953 
520531 14 0.500701 6.01497 3.86892 456.898 637.656 
520871 14 0.532993 30.8868 2.00788 400.515 637.713 
521141 14 0.501266 18.1871 0.364389 481.345 375.328 
521601 14 0.520783 210.044 1.58516 471.954 633.038 
522156 14 0.508197 10.649 3.20074 415.099 636.97 
522393 15 0.607582 1.65504 16.7298 240.993 634.913 
522393 15 0.550136 41.7914 551.798 47.8314 559.518 
522393 15 0.535977 43.9022 238.532 50.0674 245.913 
522393 15 0.533865 43.7726 536.077 50.14 543.467 
522393 15 0.529005 44.7801 308.355 50.7331 315.801 
522393 15 0.515204 42.8425 270.633 49.05 277.898 
522393 15 0.506201 32.7982 0.657864 579.274 631.886 
522393 15 0.504463 46.8193 75.8611 52.9932 84.1101 
522751 15 0.594081 2.44256 12.4882 133.747 637.867 
522889 15 0.558267 12.0154 0.218884 610.868 423.06 
523033 0 0.524237 147.151 363.127 153.488 370.588 
523100 14 0.66931 3.08947 -0.688763 613.865 479.752 
523194 15 0.574344 9.71534 -0.0777817 397.092 636.937 
523229 14 0.684463 6.17617 1.02161 626.587 478.84 
523241 14 0.50746 6.13845 -0.214875 327.234 499.557 
523811 14 0.649992 97.2455 0.358467 465.676 642.389 
524850 15 0.518309 24.3312 2.10665 305.228 497.327 
525286 15 0.558546 60.2937 15.7215 549.42 622.197 
525322 14 0.663405 113.672 -3.11172 402.693 644.164 
527427 15 0.551236 46.9455 9.53197 435.866 624.438 
527528 15 0.596035 190.842 4.14616 344.528 636.987 
527528 15 0.587593 115.86 1.78312 395.823 636.323 
527616 14 0.522482 38.0003 1.18992 482.314 639.213 
528314 14 0.652171 98.5275 0.437706 598.763 422.215 
528705 14 0.681317 131.725 -1.58193 613.836 424.267 
529568 15 0.608771 21.7775 1.06815 602.052 479.062 
530099 14 0.704998 140.732 0.423759 366.353 501.604 
530624 14 0.563822 5.38344 4.30803 461.626 635.953 
530820 14 0.708279 66.0379 -2.03663 420.112 644.154 
530836 15 0.60583 38.1249 5.61575 427.277 636.237 
531036 14 0.571723 8.96261 3.45357 600.086 478.498 
531134 14 0.566847 280.583 4.62488 459.8 635.567 
531134 14 0.531724 68.054 -2.84042 463.779 643.514 
531495 15 0.644064 91.2662 5.51682 407.978 635.835 
531707 14 0.730098 166.686 5.10775 465.871 637.702 
531771 14 0.643901 11.7957 -0.302738 618.289 424.721 
532481 15 0.681165 42.1793 8.05937 219.443 598.298 
532901 14 0.533037 208.447 6.32225 315.984 595.624 
533206 14 0.650356 2.54049 -0.264912 421.151 640.083 
533958 14 0.652814 14.5646 1.64806 625.492 638.991 
534270 14 0.691778 78.8706 -1.99961 409.978 520.782 
535306 14 0.506654 6.69571 5.74607 319.668 495.783 
535608 15 0.511986 160.31 110.043 164.513 115.84 
535608 15 0.511581 130.282 9.91276 242.494 483.794 
536038 14 0.645107 12.07 1.92367 627.182 356.235 
537153 14 0.728349 160.508 0.324478 384.305 642.492 
538067 14 0.557375 138.592 -0.503182 361.115 502.63 
538364 15 0.569179 58.3499 11.3023 432.729 626.841 
539143 14 0.674779 133.783 -10.7399 416.453 639.725 
539962 14 0.639059 290.384 -4.06536 452.241 645.064 
540280 14 0.563486 2.34236 1.12264 624.493 426.689 
540502 14 0.559328 89.133 -2.20894 416.99 643.446 
540502 14 0.540231 242.541 1.26335 416.912 646.36 
541055 14 0.526541 45.5118 1.41289 349.743 640.618 
541123 14 0.763197 70.5907 0.3228 394.832 637.045 
541952 14 0.528682 184.588 -0.618496 620.882 481.601 
542625 14 0.617428 38.4091 0.0389099 471.331 641.379 
543043 14 0.564365 117.392 -3.67939 461.26 645.515 
544306 15 0.651417 12.5653 5.3147 569.571 607.719 
544444 14 0.633535 178.682 1.14412 621.75 427.083 
544565 14 0.573459 72.1358 2.68412 616.703 631.383 
544605 15 0.608523 12.0079 2.45771 359.459 496.05 
545407 72 0.607424 6.20377 4.54229 398.993 637.532 
546556 14 0.512749 1.06979 -2.53685 277.873 643.253 
547144 14 0.5822 60.1232 -2.60735 459.204 639.083 
547383 15 0.50646 27.2411 19.9622 342.829 616.893 
547519 14 0.530392 7.09737 3.25989 412.775 638.515 
547886 14 0.552159 46.4437 -2.12559 398.567 642.868 
548246 14 0.511036 241.421 13.7224 382.14 624.021 
548339 14 0.63384 71.9254 -5.28133 549.919 646.612 
548524 14 0.509263 76.0884 3.39451 416.685 638.828 
548780 14 0.576457 27.1835 -5.75567 405.336 641.415 
549055 14 0.572504 49.0919 0.0347137 299.254 638.868 
549167 14 0.790566 193.813 2.45482 611.809 425.502 
549674 15 0.571712 14.2232 2.05505 451.58 633.49 
549738 14 0.523164 51.1593 -0.0858498 404.085 638.898 
550084 14 0.613734 182.79 2.38919 326.253 503.513 
550084 14 0.506136 90.2341 -4.9917 346.308 504.477 
550349 14 0.526794 5.65525 0.67862 608.562 479.624 
550426 14 0.660347 30.7571 1.54787 629.096 415.417 
550471 14 0.506822 2.8482 -0.0222397 408.635 640.303 
550691 14 0.578003 3.28341 1.41186 470.584 638.667 
550691 14 0.535901 199.794 3.0484 468.658 637.308 
550797 14 0.699353 48.8882 -1.16546 628.328 361.096 
550939 15 0.703653 76.1415 4.16065 569.801 414.682 
551304 14 0.575635 41.3485 1.87071 612.432 477.214 
551439 14 0.585373 16.75 -2.4164 617.99 427.268 
551660 14 0.709904 81.3155 2.80242 623.956 420.303 
551815 14 0.626332 17.1944 2.201 455.713 638.484 
552775 14 0.699819 50.8056 1.22283 496.718 374.961 
552842 15 0.525179 144.194 10.7534 363.697 630.071 
552883 14 0.681366 50.8063 1.82039 423.681 640.16 
552902 14 0.552231 10.2494 3.82568 407.352 637.67 
553221 15 0.530842 26.2222 5.61716 194.583 639.227 
553339 14 0.532327 22.3676 2.17417 366.281 497.408 
553664 14 0.56244 40.4289 -0.333443 398.438 636.994 
553776 14 0.590729 28.8924 -0.0695419 471.738 641.621 
555050 14 0.589999 45.4222 4.15109 297.013 496.902 
555705 14 0.510275 20.5501 5.52248 347 634.417 
556158 14 0.593729 159.375 1.28301 604.372 473.93 
556193 14 0.533642 25.9267 1.7108 320.629 498.501 
557501 14 0.574481 260.988 -3.68876 466.683 637.288 
558073 14 0.529693 12.5254 4.02203 367.76 496.397 
558213 14 0.684945 173.775 -3.80783 424.718 646.797 
558421 14 0.506967 46.9048 7.02478 399.805 634.328 
558558 14 0.53464 19.5466 -4.05384 463.835 638.968 
559160 14 0.697391 52.5887 -1.92851 617.205 426.745 
559348 14 0.527979 44.5493 3.56386 446.95 637.499 
559543 14 0.54294 53.2218 -2.77434 316.127 502.618 
559543 14 0.534169 156.078 -0.910372 326.355 501.663 
560011 14 0.73167 12.8044 2.40605 495.008 329.829 
560178 14 0.622679 8.73815 2.73417 463.107 638.374 
560474 14 0.575889 98.8942 -2.93262 449.713 644.093 
560880 15 0.518391 14.6205 11.9839 431.901 626.406 
560880 15 0.502022 1.19041 12.7467 210.668 627.096 
562059 14 0.539788 7.11988 3.06048 614.703 425.695 
562121 15 0.513752 93.1345 10.4783 417.311 622.533 
562207 14 0.61651 77.1186 -1.4724 408.738 642.694 
562443 15 0.66933 53.7698 4.75021 442.243 634.107 
562843 15 0.501142 2.72284 2.73557 355.654 495.892 
563349 14 0.586113 26.1044 2.29045 621.928 425.303 
563648 15 0.532095 107.893 6.41516 597.253 465.074 
563653 15 0.559249 3.26673 0.00207901 404.825 638.458 
564091 14 0.620869 2.62054 2.90668 605.803 426.361 
564127 14 0.75033 166.8 4.23378 617.181 425.482 
565153 14 0.510696 130.799 0.404319 480.783 379.546 
565391 14 0.657193 56.891 1.50604 613.51 478.81 
565776 15 0.628172 4.94251 5.0783 392.593 638.085 
565778 14 0.647665 130.144 2.47095 384.926 638.818 
565853 14 0.502963 5.01519 1.66459 360.59 497.65 
565877 14 0.742534 157.66 -0.781606 630.554 428.971 
565989 14 0.514214 38.325 0.462856 611.527 479.963 
566282 71 0.547011 1.1914 6.24321 396.38 631.306 
566758 14 0.690567 75.2958 1.64865 454.101 634.671 
567197 14 0.584877 13.5404 -0.945091 388.623 501.647 
567432 72 0.56092 0.461044 4.33748 401.423 637.88 
567640 14 0.64173 20.5889 -0.323982 411.76 641.561 
567825 14 0.664634 33.5231 -1.19389 601.219 428.699 
567898 15 0.531211 66.2349 22.1064 413.605 621.875 
568195 14 0.566651 46.2879 2.47393 625.418 425.14 
568290 14 0.569896 36.3016 -0.266533 409.439 641.312 
568690 14 0.569915 16.7188 0.716271 623.093 480.011 
569030 14 0.682906 102.587 -1.90204 355.523 502.96 
569565 71 0.517822 24.3026 2.87264 406.313 637.524 
569700 14 0.563831 9.57886 -1.46827 320.019 502.343 
569825 15 0.501513 19.2293 -1.54844 466.593 339.175 
569972 0 0.560316 297.809 79.7978 304.652 91.5938 
569972 0 0.559452 305.958 551.109 312.482 564.393 
569972 0 0.551706 214.006 117.67 221.42 125.493 
569972 0 0.541331 306.429 587.564 313.11 609.721 
569972 0 0.525059 300.39 38.7974 306.571 52.0896 
569972 0 0.516523 214.984 135.831 222.023 143.219 
570471 14 0.642537 7.5981 -0.0116676 480.498 375.014 
570539 14 0.652938 3.61109 -0.624656 477.949 372.854 
570688 72 0.655943 91.3275 4.65391 461.943 632.423 
570736 14 0.718312 20.9121 1.74078 630.894 425.172 
570756 15 0.614982 148.414 -0.306873 289.23 633.198 
570834 15 0.579889 131.326 12.9923 374.432 628.757 
571313 14 0.557063 42.0797 3.23663 630.416 476.462 
572303 15 0.511903 4.93642 -2.49523 449.155 638.124 
572408 14 0.647666 166.838 -3.93516 621.303 429.038 
573391 14 0.551222 44.4888 2.88002 444.51 640.29 
573943 14 0.543154 33.2063 0.785389 441.818 638.32 
574425 14 0.52067 245.115 -5.14389 404.99 646.167 
574823 14 0.764838 66.3492 1.78625 480.297 372.185 
575372 14 0.528736 11.1734 1.65058 454.982 639.912 
575815 14 0.506326 9.24358 3.37944 433.412 637.401 
576566 14 0.508308 20.5746 5.03528 612.948 464.088 
577182 14 0.725619 161.655 -0.0625992 415.768 642.468 
577584 14 0.737626 15.5654 -1.46162 612.156 419.854 
577864 14 0.55579 0.587663 4.92619 401.745 638.008 
577976 14 0.613872 1.95294 0.154743 420.23 639.516 
578792 72 0.52377 -0.345309 -3.61286 417.836 638.308 
578871 14 0.639997 0.838814 2.53844 608.66 477.763 
579158 14 0.545021 57.7813 0.173492 460.518 641.428 
579307 14 0.609676 113.567 -1.9887 600.403 483.014 
579321 14 0.742913 -0.516635 1.42738 336.173 642.155 
579635 14 0.697085 137.65 1.99701 419.263 639.928 
579902 14 0.631738 92.0499 0.406216 635.208 555.297 
579970 14 0.534153 3.44058 1.40956 332.186 498.529 
580757 15 0.516073 12.6882 2.92841 398.17 636.631 
